Run Start Time:Mon Mar 31 10:15:30 2025
The number of periods: 	90
SPBA: 99.30 ;RDPH: 99.03 ;Number of accepted people: 144.71 	worst_SPBA: 0.9592 
;worst_SEQ: [3 3 5 2 3 3 5 3 2 3 2 2 3 3 4 2 5 5 2 3 3 4 2 3 2 2 2 5 3 5 3 2 3 3 3 3 2
 2 2 3 3 4 5 4 2 3 3 2 3 3 2 2 2 3 3 3 4 3 3 3 3 2 2 4 2 2 2 2 3 3 5 2 3 3
 3 2 3 2 2 3 2 2 3 3 2 2 4 5 3 5] 
worst_RDPH: 0.9714 
;worst_seq: [2 2 3 2 3 3 2 3 3 2 3 4 2 5 3 3 2 2 3 2 2 2 4 3 2 2 2 3 3 2 3 2 4 3 3 3 2
 3 2 5 3 2 2 4 3 2 2 3 3 4 3 5 2 3 2 3 2 3 3 3 3 4 4 2 3 2 3 3 3 3 3 2 2 2
 2 2 2 5 3 3 3 3 2 3 2 3 3 3 3 3] 
The number of periods: 	100
SPBA: 99.40 ;RDPH: 99.35 ;Number of accepted people: 147.13 	worst_SPBA: 0.9732 
;worst_SEQ: [2 2 3 3 3 2 3 2 3 2 3 3 3 2 3 2 3 3 3 2 3 2 5 5 3 2 4 2 2 4 4 3 2 3 2 3 2
 3 2 2 3 2 5 2 3 2 3 3 2 2 4 4 5 3 3 3 2 3 4 4 3 2 3 3 2 5 4 3 5 3 3 3 3 4
 2 3 2 3 2 3 3 3 2 5 3 3 2 5 2 3 2 3 3 2 2 2 3 2 5 2] 
worst_RDPH: 0.9790 
;worst_seq: [3 2 2 2 2 3 2 2 3 2 3 3 3 2 2 3 2 3 3 3 2 2 2 3 3 3 3 3 3 2 3 3 2 3 2 2 3
 3 3 4 3 5 3 3 2 3 3 2 3 2 5 2 2 3 2 2 5 3 3 3 4 2 3 2 3 3 3 3 3 2 2 3 2 3
 3 3 2 4 4 2 3 2 3 3 3 3 3 2 2 3 2 3 2 2 4 3 3 3 3 5] 
Total Runtime	118.717923
