Run Start Time: Sun Jul 16 15:09:52 2023
probabilities: 	[0.25, 0.25, 0.25, 0.25]
sequence:  [2, 4, 5, 3, 5, 2, 4, 5, 4, 4, 2, 5, 3, 5, 2, 4, 3, 3, 5, 5, 2, 3, 4, 3, 3, 5, 2, 4, 5, 2, 4, 3, 4, 2, 4, 2, 3, 4, 2, 2, 4, 2, 5, 4, 4, 2, 5, 2, 5, 2, 2, 3, 3, 2, 3, 2, 5, 5, 5, 5, 5, 5, 2, 2, 4, 2, 3, 4, 2, 4]

sequence:  [2, 5, 4, 3, 2, 2, 2, 5, 5, 4, 3, 5, 3, 3, 2, 3, 3, 2, 2, 5, 5, 3, 5, 3, 5, 4, 5, 5, 5, 3, 4, 3, 4, 2, 4, 2, 2, 5, 3, 3, 4, 4, 4, 5, 5, 4, 2, 4, 3, 2, 5, 2, 5, 2, 5, 2, 3, 3, 3, 3, 2, 3, 5, 4, 3, 5, 5, 3, 5, 4]

sequence:  [5, 2, 2, 2, 4, 3, 5, 4, 2, 3, 4, 2, 2, 4, 5, 5, 5, 2, 2, 3, 3, 4, 5, 2, 3, 3, 3, 2, 3, 4, 3, 5, 3, 2, 5, 5, 5, 3, 4, 5, 4, 2, 2, 4, 2, 4, 4, 3, 3, 4, 5, 5, 3, 4, 3, 3, 3, 4, 5, 2, 5, 3, 4, 2, 3, 2, 4, 3, 4, 3]

Number of Larger: 88;Number of Less: 3;Number of Equal: 9; 
Sto: 98.37 ;bid-price: 96.63;Number of accepted people: 155.77 	probabilities: 	[0.25, 0.35, 0.05, 0.35]
sequence:  [3, 2, 5, 5, 5, 2, 4, 2, 3, 3, 3, 2, 3, 3, 3, 3, 3, 5, 3, 5, 3, 2, 5, 2, 3, 3, 5, 2, 5, 4, 2, 2, 3, 4, 3, 3, 3, 5, 2, 2, 5, 2, 3, 2, 2, 4, 5, 3, 3, 2, 5, 3, 3, 4, 2, 5, 5, 2, 3, 5, 2, 3, 2, 3, 4, 5, 2, 5, 5, 3]

sequence:  [3, 3, 3, 5, 4, 3, 3, 2, 5, 5, 5, 3, 2, 3, 2, 2, 3, 3, 5, 2, 5, 5, 5, 2, 5, 5, 2, 5, 5, 3, 3, 2, 3, 2, 3, 5, 2, 3, 3, 3, 5, 2, 3, 5, 5, 3, 3, 2, 2, 3, 3, 2, 3, 5, 5, 3, 3, 5, 2, 5, 2, 2, 3, 3, 5, 5, 3, 2, 5, 4]

sequence:  [5, 2, 4, 5, 3, 3, 2, 5, 3, 2, 3, 2, 2, 3, 5, 5, 3, 3, 3, 3, 5, 3, 5, 2, 2, 5, 2, 3, 3, 2, 2, 2, 5, 5, 3, 2, 5, 3, 3, 5, 3, 5, 2, 3, 2, 5, 2, 5, 3, 2, 5, 3, 3, 3, 5, 5, 3, 2, 3, 3, 5, 5, 3, 5, 5, 3, 5, 5, 3, 2]

sequence:  [3, 3, 3, 3, 3, 5, 2, 2, 3, 3, 2, 2, 3, 3, 3, 3, 3, 3, 3, 5, 3, 5, 2, 5, 4, 3, 2, 2, 3, 5, 2, 3, 5, 5, 5, 5, 5, 3, 5, 2, 5, 5, 3, 3, 2, 3, 5, 5, 3, 3, 5, 5, 5, 3, 5, 3, 2, 5, 2, 3, 5, 5, 5, 3, 2, 5, 2, 5, 2, 3]

Number of Larger: 89;Number of Less: 4;Number of Equal: 7; 
Sto: 98.00 ;bid-price: 95.95;Number of accepted people: 156.65 	probabilities: 	[0.15, 0.25, 0.55, 0.05]
sequence:  [3, 4, 5, 4, 5, 3, 3, 2, 4, 4, 4, 4, 4, 4, 5, 3, 4, 4, 4, 3, 2, 4, 3, 4, 4, 2, 4, 2, 3, 4, 4, 4, 4, 4, 4, 3, 4, 2, 4, 2, 3, 2, 3, 4, 4, 2, 4, 4, 4, 4, 4, 2, 3, 4, 3, 4, 3, 4, 3, 3, 3, 3, 4, 3, 3, 4, 5, 3, 5, 2]sequence:  [3, 4, 4, 3, 4, 4, 3, 4, 3, 4, 2, 4, 4, 3, 2, 3, 2, 4, 4, 4, 4, 5, 4, 3, 4, 4, 4, 4, 4, 3, 2, 3, 3, 4, 2, 4, 3, 2, 5, 2, 5, 3, 4, 5, 4, 3, 3, 2, 4, 5, 3, 4, 2, 3, 4, 2, 2, 4, 4, 3, 4, 3, 3, 3, 4, 4, 5, 4, 3, 4]sequence:  [3, 2, 3, 2, 5, 2, 3, 2, 4, 4, 4, 5, 4, 3, 4, 4, 2, 4, 2, 4, 3, 4, 3, 2, 4, 2, 3, 3, 4, 3, 4, 4, 4, 4, 4, 4, 4, 4, 4, 3, 4, 2, 4, 4, 3, 4, 3, 4, 3, 4, 2, 4, 4, 3, 4, 3, 3, 4, 4, 4, 3, 3, 3, 2, 4, 2, 3, 3, 3, 3]Number of Larger: 90;Number of Less: 3;Number of Equal: 7; 
Sto: 99.05 ;bid-price: 97.04;Number of accepted people: 153.24 	Total Runtime	1431.348662
