Run Start Time: Wed Nov 15 13:20:14 2023
[0.45 0.3  0.15 0.1 ]	[70, 62.94761904761904]
[0.25 0.3  0.15 0.3 ]	[57, 67.19047619047619]
[0.3  0.1  0.25 0.35]	[54, 68.68095238095238]
[0.25 0.05 0.35 0.35]	[53, 70.9952380952381]
[0.15 0.5  0.3  0.05]	[63, 67.8047619047619]
[0.1  0.55 0.3  0.05]	[62, 67.46190476190476]
[0.1  0.65 0.2  0.05]	[64, 66.77619047619046]
[0.4  0.15 0.1  0.35]	[59, 67.91904761904762]
[0.2  0.55 0.05 0.2 ]	[62, 65.70952380952382]
[0.05 0.55 0.35 0.05]	[60, 68.24761904761904]
[0.2  0.2  0.55 0.05]	[58, 68.33333333333333]
[0.05 0.75 0.1  0.1 ]	[63, 67.91904761904762]
[0.05 0.75 0.1  0.1 ]	[63, 67.8047619047619]
[0.7  0.15 0.1  0.05]	[81, 58.50476190476191]
[0.25 0.35 0.15 0.25]	[59, 67.7904761904762]
[0.15 0.05 0.1  0.7 ]	[45, 71.24761904761905]
[0.05 0.2  0.05 0.7 ]	[44, 72.49523809523811]
[0.2  0.1  0.15 0.55]	[49, 71.53809523809524]
[0.05 0.55 0.15 0.25]	[56, 70.11904761904762]
[0.15 0.4  0.2  0.25]	[57, 69.37142857142857]
[0.05 0.2  0.15 0.6 ]	[46, 72.95238095238095]
[0.25 0.3  0.4  0.05]	[62, 65.88095238095238]
[0.35 0.25 0.05 0.35]	[58, 67.12857142857143]
[0.05 0.6  0.1  0.25]	[57, 69.06666666666666]
[0.05 0.6  0.25 0.1 ]	[60, 68.28571428571428]
[0.05 0.4  0.1  0.45]	[51, 70.91428571428571]
[0.55 0.25 0.1  0.1 ]	[73, 60.48571428571429]
[0.5 0.1 0.1 0.3]	[62, 64.88095238095238]
[0.1  0.7  0.15 0.05]	[65, 66.8]
[0.3  0.4  0.05 0.25]	[62, 65.81904761904762]
[0.2 0.6 0.1 0.1]	[66, 66.67619047619048]
[0.45 0.1  0.15 0.3 ]	[61, 66.40952380952382]
[0.3  0.15 0.5  0.05]	[61, 67.24285714285715]
[0.2  0.35 0.3  0.15]	[60, 67.35238095238095]
[0.05 0.15 0.6  0.2 ]	[51, 71.38571428571429]
[0.4  0.05 0.45 0.1 ]	[62, 65.5952380952381]
[0.35 0.05 0.55 0.05]	[60, 65.8952380952381]
[0.45 0.15 0.35 0.05]	[67, 63.35714285714287]
[0.25 0.25 0.05 0.45]	[53, 69.39047619047619]
[0.25 0.5  0.2  0.05]	[66, 65.2761904761905]
[0.35 0.05 0.35 0.25]	[57, 67.50952380952381]
[0.15 0.05 0.5  0.3 ]	[51, 71.48571428571428]
[0.15 0.25 0.35 0.25]	[55, 71.24761904761905]
[0.1 0.2 0.6 0.1]	[55, 70.88095238095238]
[0.1  0.3  0.25 0.35]	[52, 71.42857142857143]
[0.65 0.15 0.1  0.1 ]	[76, 59.24285714285714]
[0.2  0.5  0.15 0.15]	[63, 67.22857142857143]
[0.15 0.05 0.5  0.3 ]	[51, 70.92857142857142]
[0.15 0.05 0.3  0.5 ]	[48, 71.75714285714285]
[0.65 0.1  0.2  0.05]	[76, 58.904761904761905]
[0.25 0.5  0.2  0.05]	[67, 64.96666666666667]
[0.25 0.45 0.05 0.25]	[61, 67.21904761904763]
[0.5  0.15 0.2  0.15]	[67, 63.780952380952385]
[0.3  0.35 0.25 0.1 ]	[64, 65.11904761904762]
[0.2  0.05 0.05 0.7 ]	[46, 72.44285714285714]
[0.6  0.05 0.3  0.05]	[72, 61.685714285714276]
[0.05 0.35 0.15 0.45]	[50, 72.39047619047619]
[0.35 0.1  0.5  0.05]	[61, 66.52380952380952]
[0.05 0.1  0.7  0.15]	[51, 71.46190476190476]
[0.2  0.25 0.1  0.45]	[52, 70.19523809523808]
[0.55 0.2  0.15 0.1 ]	[72, 61.84285714285714]
[0.15 0.3  0.1  0.45]	[52, 70.97142857142856]
[0.35 0.1  0.4  0.15]	[60, 66.73333333333332]
[0.05 0.5  0.1  0.35]	[54, 70.27142857142857]
[0.15 0.45 0.2  0.2 ]	[58, 68.18095238095239]
[0.35 0.3  0.05 0.3 ]	[59, 66.35714285714286]
[0.2  0.15 0.25 0.4 ]	[52, 70.89047619047619]
[0.15 0.25 0.05 0.55]	[49, 70.34761904761905]
[0.45 0.2  0.15 0.2 ]	[65, 65.06190476190477]
[0.55 0.05 0.25 0.15]	[68, 64.42380952380951]
[0.05 0.4  0.1  0.45]	[51, 71.49047619047619]
[0.15 0.45 0.1  0.3 ]	[57, 68.17142857142858]
[0.1  0.2  0.65 0.05]	[55, 70.06190476190476]
[0.15 0.05 0.4  0.4 ]	[49, 71.87142857142858]
[0.15 0.1  0.65 0.1 ]	[55, 71.2]
[0.45 0.3  0.1  0.15]	[68, 63.00476190476191]
[0.35 0.2  0.1  0.35]	[57, 66.65238095238095]
[0.45 0.25 0.15 0.15]	[66, 63.62857142857143]
[0.2 0.1 0.4 0.3]	[53, 71.1047619047619]
[0.2  0.65 0.05 0.1 ]	[67, 65.0]
[0.15 0.5  0.25 0.1 ]	[62, 67.46190476190476]
[0.6  0.2  0.15 0.05]	[76, 59.32857142857143]
[0.2  0.2  0.05 0.55]	[50, 71.13809523809523]
[0.05 0.6  0.2  0.15]	[59, 69.52380952380952]
[0.2  0.15 0.1  0.55]	[49, 70.41428571428571]
[0.25 0.25 0.35 0.15]	[59, 68.60952380952382]
[0.05 0.3  0.1  0.55]	[48, 71.52857142857142]
[0.6 0.1 0.2 0.1]	[72, 61.75714285714285]
[0.15 0.35 0.05 0.45]	[53, 71.12380952380953]
[0.2  0.65 0.05 0.1 ]	[67, 65.52380952380952]
[0.3  0.25 0.15 0.3 ]	[57, 67.11428571428571]
[0.25 0.5  0.15 0.1 ]	[66, 65.99999999999999]
[0.3 0.2 0.1 0.4]	[54, 66.32380952380953]
[0.4  0.1  0.35 0.15]	[61, 66.35714285714286]
[0.4  0.45 0.05 0.1 ]	[71, 63.58095238095238]
[0.15 0.3  0.45 0.1 ]	[58, 69.85714285714285]
[0.4  0.2  0.15 0.25]	[61, 65.94761904761906]
[0.15 0.05 0.65 0.15]	[52, 70.89047619047619]
[0.1  0.15 0.65 0.1 ]	[54, 70.47619047619048]
[0.4  0.1  0.35 0.15]	[62, 65.5047619047619]
[0.55 0.1  0.3  0.05]	[70, 61.1]
[0.2  0.05 0.3  0.45]	[50, 72.14285714285714]
[0.25 0.2  0.1  0.45]	[53, 70.19047619047619]
[0.5  0.15 0.1  0.25]	[64, 63.07142857142857]
[0.1  0.65 0.1  0.15]	[62, 67.2047619047619]
[0.05 0.25 0.15 0.55]	[47, 73.26190476190476]
[0.25 0.3  0.3  0.15]	[60, 66.65238095238095]
[0.3  0.05 0.25 0.4 ]	[53, 70.57619047619048]
[0.75 0.1  0.1  0.05]	[83, 57.46190476190476]
[0.25 0.25 0.35 0.15]	[60, 67.39999999999999]
[0.35 0.25 0.35 0.05]	[65, 65.47619047619048]
[0.45 0.1  0.1  0.35]	[58, 65.73809523809524]
[0.25 0.05 0.35 0.35]	[52, 70.51904761904763]
[0.55 0.2  0.1  0.15]	[70, 61.64285714285713]
[0.4  0.1  0.45 0.05]	[64, 64.66190476190475]
[0.35 0.05 0.35 0.25]	[57, 68.03809523809522]
[0.1  0.3  0.55 0.05]	[57, 69.57619047619048]
[0.05 0.4  0.4  0.15]	[55, 70.41428571428571]
[0.3  0.05 0.5  0.15]	[57, 67.30476190476192]
[0.25 0.25 0.05 0.45]	[53, 68.94761904761904]
[0 0.2 0.5 0.3]	[50, 74.06190476190476]
[0.35 0.25 0.1  0.3 ]	[60, 66.6142857142857]
[0.15 0.35 0.1  0.4 ]	[54, 69.54761904761907]
[0.25 0.2  0.35 0.2 ]	[57, 67.70476190476191]
[0.15 0.1  0.2  0.55]	[47, 71.50000000000001]
[0.5  0.05 0.35 0.1 ]	[66, 63.81428571428571]
[0.25 0.1  0.25 0.4 ]	[52, 70.62380952380953]
[0.25 0.05 0.55 0.15]	[56, 70.06666666666665]
[0.1  0.1  0.25 0.55]	[46, 72.12380952380953]
[0.05 0.35 0.45 0.15]	[55, 71.05714285714285]
[0.05 0.15 0.65 0.15]	[52, 72.54761904761905]
[0.35 0.25 0.25 0.15]	[62, 64.72380952380952]
[0.15 0.3  0.1  0.45]	[52, 71.32857142857144]
[0.05 0.75 0.05 0.15]	[62, 67.33809523809524]
[0.2  0.5  0.25 0.05]	[64, 64.81904761904762]
[0.15 0.35 0.3  0.2 ]	[57, 68.82857142857142]
[0.05 0.15 0.05 0.75]	[43, 73.1]
[0.25 0.4  0.3  0.05]	[64, 65.31904761904761]
[0.05 0.15 0.4  0.4 ]	[48, 71.86190476190475]
[0.05 0.05 0.55 0.35]	[48, 73.0095238095238]
[0.1  0.3  0.35 0.25]	[54, 69.91428571428571]
[0.35 0.25 0.3  0.1 ]	[64, 64.78095238095237]
[0.35 0.1  0.15 0.4 ]	[54, 66.86190476190475]
[0.1  0.45 0.3  0.15]	[58, 69.47619047619048]
[0.05 0.1  0.15 0.7 ]	[44, 73.95238095238096]
[0.2 0.6 0.1 0.1]	[65, 65.62857142857142]
[0 0.2 0.5 0.3]	[50, 74.2952380952381]
[0.15 0.5  0.2  0.15]	[61, 68.75714285714285]
[0.3  0.3  0.15 0.25]	[59, 66.97142857142856]
[0.05 0.4  0.45 0.1 ]	[57, 70.35714285714286]
[0.05 0.05 0.05 0.85]	[41, 73.09523809523809]
[0.05 0.45 0.35 0.15]	[56, 70.52857142857144]
[0.05 0.3  0.35 0.3 ]	[52, 72.15714285714286]
[0.1  0.3  0.25 0.35]	[52, 71.55238095238094]
[0.25 0.4  0.3  0.05]	[64, 64.85238095238095]
[0.05 0.5  0.2  0.25]	[56, 70.98095238095237]
[0.55 0.15 0.15 0.15]	[69, 63.19047619047618]
[0.05 0.5  0.35 0.1 ]	[58, 69.55714285714285]
[0.1  0.45 0.1  0.35]	[54, 69.20952380952382]
[0.4  0.15 0.3  0.15]	[62, 64.56666666666668]
[0.05 0.1  0.25 0.6 ]	[45, 72.19047619047618]
[0.05 0.15 0.7  0.1 ]	[52, 71.52380952380952]
[0.2  0.25 0.05 0.5 ]	[51, 69.03333333333333]
[0.05 0.8  0.1  0.05]	[65, 66.98571428571428]
[0.25 0.05 0.65 0.05]	[57, 67.39999999999999]
[0.15 0.7  0.1  0.05]	[67, 65.24761904761905]
[0.05 0.25 0.4  0.3 ]	[52, 73.17142857142856]
[0.25 0.45 0.25 0.05]	[66, 66.47619047619048]
[0.5  0.25 0.05 0.2 ]	[67, 62.238095238095234]
[0.45 0.15 0.35 0.05]	[67, 63.37619047619047]
[0.05 0.1  0.2  0.65]	[44, 73.21904761904761]
[0.25 0.2  0.35 0.2 ]	[58, 69.03809523809524]
[0.5 0.1 0.2 0.2]	[65, 64.62857142857142]
[0.6  0.05 0.3  0.05]	[71, 60.97619047619048]
[0.25 0.05 0.55 0.15]	[56, 69.51904761904763]
[0.3 0.4 0.1 0.2]	[63, 67.0142857142857]
[0.4  0.1  0.15 0.35]	[58, 68.01428571428572]
[0.15 0.25 0.5  0.1 ]	[57, 68.52857142857142]
[0.25 0.2  0.1  0.45]	[53, 69.85238095238095]
[0.25 0.6  0.1  0.05]	[70, 64.56666666666668]
[0.25 0.2  0.05 0.5 ]	[52, 70.03333333333333]
[0.7  0.05 0.05 0.2 ]	[72, 60.02857142857143]
[0.65 0.2  0.1  0.05]	[80, 59.09523809523809]
[0.15 0.4  0.2  0.25]	[56, 69.31428571428572]
[0.25 0.15 0.35 0.25]	[56, 69.72857142857143]
[0.1  0.35 0.5  0.05]	[58, 69.5]
[0.25 0.1  0.15 0.5 ]	[51, 69.8952380952381]
[0.05 0.2  0.45 0.3 ]	[51, 72.26190476190476]
[0.7  0.1  0.05 0.15]	[76, 59.27619047619048]
[0.25 0.45 0.25 0.05]	[65, 65.6]
[0.25 0.3  0.4  0.05]	[62, 66.21428571428571]
[0.6  0.15 0.15 0.1 ]	[72, 60.295238095238105]
[0.2  0.65 0.1  0.05]	[68, 65.32380952380953]
[0.05 0.45 0.05 0.45]	[52, 72.56666666666666]
[0.1 0.6 0.2 0.1]	[62, 67.61904761904762]
[0.05 0.3  0.25 0.4 ]	[51, 71.96666666666667]
[0.4  0.1  0.35 0.15]	[62, 65.64285714285714]
[0.4  0.35 0.1  0.15]	[67, 63.37619047619047]
[0.2  0.25 0.45 0.1 ]	[59, 69.22380952380952]
[0.35 0.5  0.05 0.1 ]	[70, 62.71428571428571]
