Run Start Time: Sat Nov 18 14:11:32 2023
16
1.5
[62, 61.33333333333333]
1.6
[59, 63.66666666666667]
1.7000000000000002
[56, 64.1]
1.8000000000000003
[54, 63.92666666666666]
1.9000000000000004
[53, 67.29333333333332]
2.0000000000000004
[51, 67.79333333333332]
2.1000000000000005
[49, 69.17333333333335]
2.2000000000000006
[49, 71.66]
2.3000000000000007
[46, 71.26666666666667]
2.400000000000001
[45, 71.86]
2.500000000000001
[43, 72.96000000000001]
2.600000000000001
[42, 72.92]
2.700000000000001
[41, 73.79333333333334]
2.8000000000000003
[40, 75.36666666666666]
2.9000000000000004
[38, 75.01333333333334]
3.0000000000000004
[37, 75.22]
3.1000000000000005
[36, 74.52]
3.2000000000000006
[35, 76.03333333333333]
3.3000000000000007
[34, 74.62666666666667]
3.400000000000001
[33, 75.85333333333334]
21
1.5
[81, 60.9]
1.6
[78, 62.56499999999999]
1.7000000000000002
[74, 63.17]
1.8000000000000003
[72, 65.53]
1.9000000000000004
[70, 65.61]
2.0000000000000004
[67, 67.08]
2.1000000000000005
[65, 68.565]
2.2000000000000006
[62, 67.815]
2.3000000000000007
[61, 70.815]
2.400000000000001
[59, 71.28]
2.500000000000001
[57, 71.09]
2.600000000000001
[56, 73.435]
2.700000000000001
[54, 73.05]
2.800000000000001
[53, 74.395]
2.9000000000000012
[51, 74.35]
3.0000000000000013
[50, 75.55]
3.1000000000000014
[48, 73.56]
3.2000000000000015
[47, 76.0]
3.3000000000000016
[46, 76.325]
3.4000000000000017
[45, 75.8]
26
1.5
[102, 60.91599999999999]
1.6
[98, 61.815999999999995]
1.7000000000000002
[92, 62.624]
1.8000000000000003
[90, 63.928]
1.9000000000000004
[87, 65.57600000000001]
2.0000000000000004
[84, 66.892]
2.1000000000000005
[81, 68.24799999999999]
2.2000000000000006
[79, 69.036]
2.3000000000000007
[76, 69.536]
2.400000000000001
[73, 69.116]
2.500000000000001
[71, 71.35199999999999]
2.600000000000001
[70, 71.992]
2.700000000000001
[68, 73.872]
2.800000000000001
[66, 74.67200000000001]
2.9000000000000012
[64, 74.048]
3.0000000000000013
[62, 74.20800000000001]
3.1000000000000014
[61, 76.212]
3.2000000000000015
[59, 76.164]
3.3000000000000016
[58, 77.208]
3.4000000000000017
[56, 76.95599999999999]
31
1.5
[120, 59.85333333333334]
1.6
[114, 59.95333333333333]
1.7000000000000002
[110, 62.94666666666667]
1.8000000000000003
[107, 64.11666666666666]
1.9000000000000004
[105, 66.42666666666666]
2.0000000000000004
[101, 67.58000000000001]
2.1000000000000005
[96, 67.67666666666666]
2.2000000000000006
[94, 69.07666666666667]
2.3000000000000007
[91, 70.52666666666667]
2.400000000000001
[88, 70.87333333333333]
2.500000000000001
[85, 71.01333333333332]
2.600000000000001
[83, 72.35333333333334]
2.700000000000001
[81, 73.22666666666667]
2.800000000000001
[79, 73.36333333333333]
2.9000000000000012
[76, 73.24000000000001]
3.0000000000000013
[74, 74.95666666666668]
3.1000000000000014
[73, 75.20333333333333]
3.2000000000000015
[71, 76.49000000000001]
3.3000000000000016
[69, 76.92666666666666]
3.4000000000000017
[67, 75.97]
