Run Start Time: Tue Aug  8 13:51:31 2023
[0.1  0.25 0.35 0.3 ]	[52, 36.199999999999996]
[0.3  0.2  0.15 0.35]	[56, 66.94285714285715]
[5.55111512e-17 4.50000000e-01 3.00000000e-01 2.50000000e-01]	[53, 70.55238095238096]
[0.3  0.15 0.15 0.4 ]	[54, 68.00952380952381]
[0.3  0.25 0.25 0.2 ]	[61, 66.67619047619048]
[0.15 0.15 0.15 0.55]	[48, 70.5904761904762]
[0.35 0.1  0.25 0.3 ]	[56, 66.33333333333334]
[0.1  0.25 0.45 0.2 ]	[53, 69.73333333333333]
[0.05 0.05 0.45 0.45]	[46, 72.32380952380953]
[0.05 0.45 0.35 0.15]	[57, 70.12380952380953]
[0.1 0.5 0.1 0.3]	[55, 68.19047619047619]
[0.15 0.05 0.55 0.25]	[52, 71.77142857142857]
[0.2 0.1 0.4 0.3]	[53, 70.3809523809524]
[0.25 0.3  0.4  0.05]	[62, 65.90476190476191]
[0.05 0.8  0.05 0.1 ]	[63, 65.71428571428571]
[0.05 0.25 0.25 0.45]	[48, 70.87619047619049]
[0.1  0.5  0.35 0.05]	[60, 67.14285714285714]
[0.5  0.1  0.15 0.25]	[61, 31.657142857142862]
[0.65 0.1  0.15 0.1 ]	[75, 60.41904761904762]
[0.25 0.2  0.35 0.2 ]	[57, 67.19047619047619]
[0.55 0.1  0.2  0.15]	[67, 60.952380952380956]
[0.5 0.3 0.1 0.1]	[72, 61.276190476190486]
[0.6  0.1  0.25 0.05]	[71, 58.609523809523814]
[0.2  0.3  0.05 0.45]	[53, 69.47619047619048]
[0.15 0.3  0.25 0.3 ]	[54, 70.04761904761905]
[0.3  0.35 0.15 0.2 ]	[62, 66.02857142857142]
[0.3  0.55 0.1  0.05]	[70, 62.761904761904766]
[0.15 0.7  0.05 0.1 ]	[64, 63.79999999999999]
[0.45 0.1  0.05 0.4 ]	[58, 65.0952380952381]
[0.1 0.4 0.3 0.2]	[56, 69.32380952380953]
[0.15 0.15 0.6  0.1 ]	[55, 68.3047619047619]
[0.4  0.25 0.25 0.1 ]	[66, 33.08571428571428]
[0.65 0.1  0.1  0.15]	[72, 59.24761904761905]
[0.5  0.05 0.3  0.15]	[64, 63.561904761904756]
[0.3  0.45 0.15 0.1 ]	[66, 64.18095238095238]
[0.2 0.3 0.2 0.3]	[54, 67.27619047619048]
[0.05 0.3  0.6  0.05]	[55, 69.27619047619046]
[0.45 0.2  0.25 0.1 ]	[66, 63.47619047619049]
[0.25 0.15 0.15 0.45]	[52, 70.15238095238094]
[0.4  0.05 0.35 0.2 ]	[59, 65.28571428571428]
[0.2  0.45 0.2  0.15]	[61, 65.95238095238095]
[0.5  0.3  0.05 0.15]	[69, 59.94285714285714]
[0.55 0.3  0.05 0.1 ]	[72, 57.32380952380952]
[0.15 0.2  0.55 0.1 ]	[56, 68.9047619047619]
[0.25 0.05 0.5  0.2 ]	[54, 67.8]
[0.3  0.05 0.6  0.05]	[58, 65.9142857142857]
[0.1  0.35 0.5  0.05]	[58, 68.64761904761905]
[0.3  0.5  0.05 0.15]	[66, 63.780952380952385]
[0.1  0.5  0.05 0.35]	[55, 68.94285714285714]
[0.1  0.35 0.1  0.45]	[51, 69.47619047619048]
[0.25 0.35 0.05 0.35]	[56, 66.38095238095238]
[0.2  0.65 0.1  0.05]	[67, 64.05714285714285]
[0.3  0.05 0.4  0.25]	[55, 66.88571428571429]
[0.55 0.2  0.1  0.15]	[68, 59.91428571428571]
[0.4  0.05 0.4  0.15]	[59, 64.82857142857142]
[0.6  0.1  0.05 0.25]	[67, 62.114285714285714]
[0.05 0.05 0.35 0.55]	[45, 72.58095238095238]
[0.3 0.1 0.5 0.1]	[59, 66.36190476190477]
[0.1 0.1 0.5 0.3]	[50, 71.36190476190477]
[0.15 0.45 0.1  0.3 ]	[57, 68.07619047619048]
[0.45 0.2  0.1  0.25]	[63, 63.723809523809514]
[0.25 0.3  0.1  0.35]	[56, 67.55238095238096]
[0.05 0.05 0.15 0.75]	[44, 0.0]
[0.6  0.2  0.05 0.15]	[71, 58.419047619047625]
[0.3  0.05 0.3  0.35]	[53, 34.733333333333334]
[0.55 0.2  0.15 0.1 ]	[71, 60.69523809523809]
[0.4  0.3  0.15 0.15]	[66, 63.209523809523816]
[0.1 0.3 0.2 0.4]	[50, 69.26666666666667]
[0.25 0.15 0.15 0.45]	[52, 68.46666666666667]
[0.05 0.3  0.15 0.5 ]	[48, 70.28571428571428]
[0.3  0.5  0.15 0.05]	[68, 62.895238095238106]
[0.2  0.15 0.15 0.5 ]	[50, 69.80952380952381]
[0.05 0.55 0.05 0.35]	[54, 69.36190476190475]
[0.3  0.1  0.55 0.05]	[59, 64.82857142857142]
[0.25 0.25 0.25 0.25]	[57, 67.51428571428572]
[0.3  0.15 0.5  0.05]	[61, 66.0952380952381]
[0.05 0.1  0.4  0.45]	[47, 73.01904761904761]
[0.2  0.3  0.35 0.15]	[59, 68.19047619047619]
[0.05 0.15 0.4  0.4 ]	[48, 71.63809523809523]
[0.45 0.05 0.2  0.3 ]	[58, 65.36190476190475]
[0.15 0.25 0.1  0.5 ]	[50, 69.6952380952381]
[0.1  0.1  0.65 0.15]	[53, 71.13333333333333]
[0.25 0.05 0.25 0.45]	[51, 69.76190476190476]
[0.65 0.05 0.15 0.15]	[70, 59.23809523809525]
[0.35 0.35 0.05 0.25]	[62, 63.34285714285714]
[0.5 0.3 0.1 0.1]	[72, 61.08571428571429]
[0.05 0.1  0.05 0.8 ]	[44, 0.0]
[0.2  0.25 0.3  0.25]	[56, 68.31428571428572]
[0.2 0.6 0.1 0.1]	[65, 64.76190476190476]
[0.3 0.2 0.3 0.2]	[58, 65.42857142857143]
[0.05 0.25 0.4  0.3 ]	[51, 71.71428571428571]
[0.4  0.4  0.05 0.15]	[68, 63.0]
[0.1  0.25 0.35 0.3 ]	[53, 70.74285714285715]
[0.35 0.15 0.4  0.1 ]	[61, 64.82857142857142]
[0.2  0.25 0.05 0.5 ]	[52, 68.62857142857143]
[0.1  0.05 0.75 0.1 ]	[52, 70.98095238095237]
[0.1  0.35 0.15 0.4 ]	[52, 70.43809523809523]
[0.45 0.2  0.3  0.05]	[68, 63.06666666666667]
[0.45 0.25 0.25 0.05]	[70, 62.35238095238095]
[0.1  0.6  0.25 0.05]	