Run Start Time: Fri Aug 11 15:12:06 2023
[0.2 0.2 0.4 0.2]	[56, 70.42857142857143]
[0.05 0.35 0.25 0.35]	[52, 72.14285714285714]
[0.7  0.05 0.15 0.1 ]	[75, 59.371428571428574]
[0.25 0.15 0.55 0.05]	[59, 68.65714285714286]
[0.3  0.5  0.15 0.05]	[69, 63.97142857142857]
[0.35 0.05 0.3  0.3 ]	[55, 67.91428571428571]
[0.05 0.15 0.25 0.55]	[46, 73.66666666666666]
[0.15 0.65 0.15 0.05]	[66, 66.57142857142858]
[0.15 0.15 0.1  0.6 ]	[48, 71.95238095238095]
[0.3  0.25 0.3  0.15]	[60, 65.41904761904762]
[0.15 0.05 0.1  0.7 ]	[45, 70.5047619047619]
[0.1 0.6 0.1 0.2]	[58, 67.39999999999999]
[0.05 0.05 0.35 0.55]	[45, 72.90476190476191]
[0.45 0.35 0.15 0.05]	[71, 60.77142857142858]
[0.5  0.05 0.1  0.35]	[60, 64.57142857142857]
[0.3  0.5  0.05 0.15]	[65, 63.8095238095238]
[0.25 0.5  0.15 0.1 ]	[65, 65.6952380952381]
[0.3  0.25 0.25 0.2 ]	[59, 66.72380952380954]
[0.25 0.55 0.15 0.05]	[68, 64.86666666666666]
[0.3  0.05 0.55 0.1 ]	[59, 68.32380952380952]
[0.2  0.35 0.05 0.4 ]	[55, 69.31428571428572]
[0.4  0.15 0.2  0.25]	[59, 64.60952380952382]
[0.65 0.15 0.05 0.15]	[73, 59.11428571428572]
[0.4 0.1 0.1 0.4]	[56, 66.85714285714286]
[0.05 0.55 0.35 0.05]	[60, 67.92380952380952]
[0.25 0.1  0.15 0.5 ]	[51, 69.99047619047619]
[0.35 0.05 0.2  0.4 ]	[54, 68.36190476190477]
[0.45 0.05 0.35 0.15]	[61, 64.46666666666665]
[0.1  0.25 0.45 0.2 ]	[53, 70.20952380952382]
[0.1  0.05 0.7  0.15]	[52, 72.71428571428571]
[0.4 0.3 0.2 0.1]	[66, 63.647619047619045]
[0.35 0.2  0.4  0.05]	[64, 65.13333333333333]
[0.3  0.2  0.45 0.05]	[61, 66.06666666666668]
[0.2  0.65 0.05 0.1 ]	[66, 65.08571428571429]
[0.1  0.65 0.1  0.15]	[61, 68.16190476190475]
[0.5 0.1 0.3 0.1]	[66, 63.04761904761905]
[0.3 0.2 0.2 0.3]	[57, 66.71428571428571]
[0.4  0.1  0.05 0.45]	[55, 66.88571428571429]
[0.15 0.25 0.45 0.15]	[57, 69.15238095238095]
[0.2  0.6  0.15 0.05]	[65, 64.60952380952382]
[0.4  0.05 0.2  0.35]	[56, 67.19047619047619]
[0.5  0.05 0.35 0.1 ]	[66, 64.10476190476192]
[0.4  0.15 0.15 0.3 ]	[59, 66.29523809523809]
[0.1 0.5 0.2 0.2]	[58, 69.6952380952381]
[0.05 0.6  0.2  0.15]	[59, 68.7047619047619]
[0.35 0.45 0.15 0.05]	[70, 62.18095238095239]
[0.1 0.5 0.3 0.1]	[59, 68.38095238095238]
[0.15 0.45 0.3  0.1 ]	[60, 67.16190476190475]
[0.3  0.2  0.45 0.05]	[62, 65.92380952380952]
[0.2  0.35 0.3  0.15]	[59, 68.31428571428572]
[0.15 0.65 0.05 0.15]	[63, 67.08571428571429]
[0.1 0.5 0.1 0.3]	[55, 69.12380952380953]
[0.5 0.3 0.1 0.1]	[72, 61.69523809523809]
[0.2  0.25 0.15 0.4 ]	[54, 69.65714285714286]
[0.45 0.45 0.05 0.05]	[76, 60.77142857142858]
[0.35 0.1  0.25 0.3 ]	[56, 67.88571428571429]
[0.4  0.1  0.05 0.45]	[55, 67.72380952380952]
[0.15 0.2  0.55 0.1 ]	[55, 69.66666666666667]
[0.2  0.05 0.25 0.5 ]	[49, 71.70476190476191]
[0.3  0.15 0.2  0.35]	[55, 69.14285714285714]
[0.1  0.15 0.05 0.7 ]	[45, 71.65714285714286]
[0.2 0.1 0.6 0.1]	[55, 69.13333333333334]
[0.1 0.1 0.2 0.6]	[46, 73.18095238095238]
[0.45 0.3  0.2  0.05]	[71, 63.39999999999999]
[0.15 0.3  0.15 0.4 ]	[52, 70.22857142857143]
[0.25 0.25 0.2  0.3 ]	[56, 68.60952380952382]
[0.2 0.2 0.1 0.5]	[51, 68.99047619047619]
[0.2  0.1  0.55 0.15]	[55, 69.46666666666667]
[0.5  0.35 0.1  0.05]	[74, 60.46666666666667]
[0.2  0.3  0.25 0.25]	[56, 68.83809523809525]
[0.35 0.2  0.4  0.05]	[64, 65.38095238095238]
[0.05 0.05 0.25 0.65]	[44, 74.06666666666666]
[0.1  0.25 0.25 0.4 ]	[50, 71.16190476190476]
[0.35 0.3  0.3  0.05]	[65, 64.85714285714285]
[0.05 0.7  0.2  0.05]	[63, 67.45714285714286]
[0.25 0.05 0.15 0.55]	[49, 70.4857142857143]
[0.15 0.7  0.05 0.1 ]	[66, 66.03809523809524]
[0.05 0.1  0.15 0.7 ]	[43, 73.4857142857143]
[0.3  0.2  0.05 0.45]	[54, 67.44761904761904]
[0.35 0.2  0.2  0.25]	[60, 66.94285714285715]
[0.4  0.2  0.25 0.15]	[63, 65.23809523809524]
[0.05 0.5  0.35 0.1 ]	[58, 69.57142857142857]
[0.5  0.3  0.05 0.15]	[71, 62.08571428571429]
[0.35 0.4  0.15 0.1 ]	[66, 64.41904761904762]
[0.15 0.35 0.4  0.1 ]	[58, 67.61904761904762]
[0.05 0.7  0.05 0.2 ]	[59, 68.01904761904763]
[0.05 0.75 0.1  0.1 ]	[62, 65.97142857142858]
[0.05 0.05 0.55 0.35]	[48, 72.91428571428573]
[0.45 0.4  0.1  0.05]	[73, 59.8095238095238]
[0.1  0.45 0.15 0.3 ]	[56, 70.77142857142857]
[0.3  0.15 0.35 0.2 ]	[58, 67.21904761904763]
[0.1 0.1 0.6 0.2]	[52, 72.57142857142857]
[0.25 0.35 0.35 0.05]	[63, 66.51428571428572]
[0.6  0.15 0.15 0.1 ]	[72, 60.77142857142858]
[0.05 0.4  0.4  0.15]	[55, 70.47619047619048]
[0.25 0.15 0.35 0.25]	[55, 68.44761904761906]
[0.05 0.2  0.65 0.1 ]	[54, 71.36190476190477]
[0.15 0.35 0.1  0.4 ]	[54, 70.1047619047619]
[0.35 0.1  0.35 0.2 ]	[58, 67.3904761904762]
[0.1  0.5  0.25 0.15]	[58, 68.9047619047619]
[0.1  0.3  0.45 0.15]	[56, 71.12380952380953]
[0.05 0.5  0.05 0.4 ]	[52, 70.56190476190477]
[0.05 0.6  0.2  0.15]	[59, 69.06666666666666]
[0.4  0.2  0.05 0.35]	[57, 63.3904761904762]
[0.5  0.25 0.1  0.15]	[69, 62.67619047619048]
[0.5  0.4  0.05 0.05]	[77, 61.05714285714286]
[0.1 0.4 0.3 0.2]	[57, 69.78095238095237]
[0.25 0.1  0.2  0.45]	[52, 71.37142857142858]
[0.1 0.2 0.1 0.6]	[47, 72.98095238095237]
[0.2  0.15 0.4  0.25]	[54, 69.39047619047619]
[0.05 0.25 0.55 0.15]	[53, 71.27619047619048]
[0.2  0.1  0.05 0.65]	[47, 71.53333333333333]
[0.05 0.05 0.75 0.15]	[51, 72.44761904761904]
[0.05 0.45 0.15 0.35]	[54, 71.2]
[0.05 0.15 0.3  0.5 ]	[47, 73.34285714285714]
[0.15 0.45 0.05 0.35]	[55, 69.34285714285716]
[0.2  0.1  0.05 0.65]	[47, 71.06666666666666]
[0.1  0.45 0.2  0.25]	[56, 70.14285714285715]
[0.1  0.4  0.05 0.45]	[52, 71.34285714285714]
[0.2  0.7  0.05 0.05]	[69, 63.67619047619048]
[0.35 0.05 0.05 0.55]	[52, 70.08571428571429]
[0.25 0.1  0.05 0.6 ]	[49, 71.3047619047619]
[0.7  0.15 0.05 0.1 ]	[78, 58.27619047619047]
[0.35 0.3  0.3  0.05]	[67, 64.0]
[0.1  0.15 0.2  0.55]	[47, 72.51428571428572]
[0.25 0.2  0.1  0.45]	[52, 67.84761904761905]
[0.45 0.1  0.3  0.15]	[63, 64.67619047619047]
[0.35 0.3  0.15 0.2 ]	[62, 64.17142857142856]
[0.05 0.2  0.7  0.05]	[54, 70.37142857142857]
[0.35 0.05 0.3  0.3 ]	[55, 68.00952380952381]
[0.3  0.05 0.45 0.2 ]	[56, 69.1047619047619]
[0.7  0.15 0.1  0.05]	[82, 56.904761904761905]
[0.05 0.55 0.05 0.35]	[54, 69.08571428571429]
[0.05 0.15 0.4  0.4 ]	[49, 73.57142857142858]
[0.2  0.3  0.45 0.05]	[60, 67.12380952380953]
[0.05 0.3  0.3  0.35]	[51, 70.81904761904761]
[0.15 0.15 0.2  0.5 ]	[49, 72.15238095238095]
[0.4  0.05 0.2  0.35]	[56, 67.36190476190477]
[0.1  0.05 0.25 0.6 ]	[45, 70.9047619047619]
[0.05 0.3  0.1  0.55]	[48, 71.42857142857143]
[0.45 0.05 0.25 0.25]	[60, 63.866666666666674]
[0.25 0.15 0.15 0.45]	[53, 70.92380952380952]
[0.25 0.6  0.05 0.1 ]	[67, 63.37142857142858]
[0.4  0.15 0.4  0.05]	[65, 65.14285714285715]
[0.05 0.3  0.55 0.1 ]	[55, 71.02857142857142]
[0.35 0.35 0.05 0.25]	[62, 63.93333333333333]
[0.1  0.35 0.05 0.5 ]	[51, 70.61904761904762]
[0.5  0.15 0.3  0.05]	[69, 63.609523809523814]
[0.05 0.3  0.05 0.6 ]	[48, 72.37142857142857]
[0.3  0.05 0.3  0.35]	[54, 68.2095238095238]
[0.15 0.75 0.05 0.05]	[68, 65.08571428571429]
[0.3  0.15 0.5  0.05]	[60, 65.98095238095239]
[0.7  0.05 0.05 0.2 ]	[71, 59.838095238095235]
[0.35 0.35 0.25 0.05]	[68, 64.63809523809523]
[0.55 0.35 0.05 0.05]	[78, 59.00000000000001]
[0.2  0.2  0.55 0.05]	[57, 66.07619047619048]
[0.05 0.1  0.5  0.35]	[49, 74.27619047619048]
[0.75 0.05 0.1  0.1 ]	[78, 57.42857142857143]
[0.1  0.35 0.4  0.15]	[57, 69.22857142857143]
[0.3  0.1  0.05 0.55]	[52, 70.2952380952381]
[0.1  0.05 0.5  0.35]	[49, 73.26666666666667]
[0.15 0.05 0.45 0.35]	[50, 72.49523809523811]
[0.2  0.25 0.1  0.45]	[52, 69.58095238095238]
[0.3  0.25 0.2  0.25]	[59, 67.81904761904761]
[0.05 0.1  0.05 0.8 ]	[43, 74.11428571428571]
[0.1  0.35 0.25 0.3 ]	[54, 69.97142857142858]
[0.15 0.15 0.3  0.4 ]	[50, 70.92380952380952]
[0.25 0.35 0.15 0.25]	[59, 68.19999999999999]
[0.15 0.35 0.3  0.2 ]	[56, 68.79047619047618]
[0.1 0.5 0.2 0.2]	[57, 67.66666666666666]
[0.05 0.35 0.35 0.25]	[54, 71.03809523809524]
[0.05 0.15 0.7  0.1 ]	[52, 71.52380952380952]
[0.05 0.6  0.1  0.25]	[57, 68.13333333333334]
[0.45 0.25 0.15 0.15]	[67, 63.26666666666667]
[0.45 0.1  0.15 0.3 ]	[59, 65.87619047619047]
[0.35 0.2  0.1  0.35]	[57, 66.14285714285715]
[0.1  0.55 0.2  0.15]	[60, 68.1142857142857]
[0.7  0.05 0.05 0.2 ]	[72, 60.904761904761905]
[0.05 0.1  0.3  0.55]	[45, 71.97142857142856]
[0.1 0.5 0.3 0.1]	[59, 68.45714285714286]
[0.05 0.75 0.15 0.05]	[64, 66.74285714285713]
[0.2  0.35 0.1  0.35]	[55, 68.93333333333332]
[0.05 0.05 0.6  0.3 ]	[49, 73.86666666666667]
[0.35 0.15 0.4  0.1 ]	[61, 66.58095238095237]
[0.25 0.25 0.05 0.45]	[52, 68.0952380952381]
[0 0.45 0.1 0.45]	[50, 72.29523809523809]
[0.2  0.55 0.1  0.15]	[63, 66.49523809523808]
[0.05 0.75 0.1  0.1 ]	[62, 65.8]
[0.15 0.25 0.35 0.25]	[54, 69.46666666666667]
[0.35 0.1  0.5  0.05]	[61, 66.0952380952381]
[0.3  0.3  0.15 0.25]	[59, 66.51428571428572]
[0.1  0.7  0.05 0.15]	[62, 66.43809523809524]
[0.05 0.5  0.4  0.05]	[59, 68.8952380952381]
[0.1  0.25 0.45 0.2 ]	[53, 70.44761904761904]
[0.45 0.05 0.2  0.3 ]	[60, 66.06666666666668]
[0.2  0.05 0.3  0.45]	[50, 71.8]
[0.5  0.25 0.05 0.2 ]	[67, 61.914285714285725]
[0.65 0.1  0.15 0.1 ]	[74, 60.333333333333336]
[0.15 0.1  0.7  0.05]	[56, 70.4952380952381]
[0.3 0.1 0.3 0.3]	[55, 68.21904761904761]
