Run Start Time: Wed Aug  9 10:07:00 2023
[0.05 0.65 0.15 0.15]	[70, 67.93333333333334]
[0.15 0.4  0.1  0.35]	[50, 71.83809523809525]
[0.1  0.25 0.4  0.25]	[50, 73.91428571428571]
[0.05 0.1  0.05 0.8 ]	[50, 76.19047619047619]
[0.2 0.1 0.4 0.3]	[50, 74.02857142857144]
[0.7  0.1  0.15 0.05]	[70, 44.33333333333333]
[0.1  0.05 0.35 0.5 ]	[50, 75.98095238095239]
[0.65 0.05 0.15 0.15]	[70, 51.98095238095238]
[0.15 0.05 0.4  0.4 ]	[50, 75.5047619047619]
[0.25 0.2  0.4  0.15]	[50, 68.95238095238095]
[0.15 0.15 0.4  0.3 ]	[50, 74.13333333333334]
[0.55 0.2  0.2  0.05]	[70, 50.27619047619047]
[0.1  0.65 0.1  0.15]	[70, 65.8]
[0.1 0.5 0.1 0.3]	[50, 71.3142857142857]
[0.1  0.1  0.45 0.35]	[50, 75.56190476190477]
[0.3  0.4  0.25 0.05]	[70, 58.39047619047619]
[0.3  0.1  0.45 0.15]	[50, 69.04761904761905]
[0.1  0.35 0.45 0.1 ]	[50, 70.68571428571428]
[0.15 0.1  0.6  0.15]	[50, 73.59047619047618]
[0.25 0.2  0.35 0.2 ]	[50, 69.85714285714285]
[0.15 0.05 0.25 0.55]	[50, 75.86666666666666]
[0.05 0.5  0.35 0.1 ]	[50, 70.28571428571428]
[0.45 0.1  0.15 0.3 ]	[50, 66.11428571428571]
[0.15 0.75 0.05 0.05]	[70, 57.68571428571428]
[0.05 0.45 0.45 0.05]	[50, 70.05714285714286]
[0.35 0.25 0.3  0.1 ]	[70, 60.82857142857142]
