Run Start Time: Sun Aug  6 21:34:33 2023
[0.35 0.2  0.1  0.35]	[57, 66.13333333333333]
[0.55 0.2  0.1  0.15]	[70, 61.152380952380945]
[0.3 0.1 0.4 0.2]	[56, 66.5047619047619]
[0.05 0.3  0.15 0.5 ]	[49, 0.0]
[0.05 0.15 0.15 0.65]	[49, 0.0]
[0.45 0.1  0.25 0.2 ]	[62, 64.22857142857143]
[0.65 0.1  0.1  0.15]	[71, 58.13333333333334]
[0.45 0.1  0.35 0.1 ]	[64, 63.37142857142858]
[0.3  0.2  0.05 0.45]	[54, 67.67619047619048]
[0.3  0.2  0.05 0.45]	[54, 69.0]
[0.1 0.1 0.7 0.1]	[53, 70.98095238095237]
[0.1  0.2  0.65 0.05]	[55, 69.37142857142857]
[0.25 0.05 0.4  0.3 ]	[52, 67.64761904761905]
[0.45 0.35 0.1  0.1 ]	[71, 62.05714285714286]
[0.3  0.1  0.25 0.35]	[54, 68.78095238095237]
[0.75 0.05 0.1  0.1 ]	[78, 57.2]
[0.5  0.1  0.15 0.25]	[62, 63.26666666666667]
[0.35 0.05 0.55 0.05]	[59, 64.3047619047619]
[0.05 0.05 0.65 0.25]	[49, 57.44761904761905]
[0.3  0.05 0.5  0.15]	[57, 67.28571428571429]
[0.35 0.3  0.3  0.05]	[67, 63.65714285714286]
[0.35 0.35 0.05 0.25]	[62, 64.31428571428572]
[0.2  0.25 0.2  0.35]	[54, 69.24761904761905]
[0.2  0.05 0.5  0.25]	[53, 70.04761904761905]
[0.35 0.25 0.15 0.25]	[60, 66.15238095238095]
[0.05 0.5  0.3  0.15]	[57, 68.75238095238096]
[0.25 0.1  0.25 0.4 ]	[52, 69.0095238095238]
[0.55 0.25 0.15 0.05]	[74, 59.7047619047619]
[0.35 0.05 0.45 0.15]	[59, 67.28571428571429]
[0.2  0.05 0.7  0.05]	[55, 67.81904761904761]
[0.55 0.1  0.3  0.05]	[70, 60.86666666666667]
[0.15 0.45 0.35 0.05]	[62, 67.55238095238096]
[0.05 0.15 0.25 0.55]	[49, 57.44761904761905]
[0.3  0.2  0.05 0.45]	[51, 32.990476190476194]
[0.1 0.2 0.6 0.1]	[54, 68.97142857142858]
[0.45 0.15 0.1  0.3 ]	[61, 65.25714285714285]
[0.05 0.25 0.2  0.5 ]	[49, 57.44761904761905]
[0.1  0.05 0.25 0.6 ]	[49, 57.44761904761905]
[0.4  0.05 0.3  0.25]	[58, 66.88571428571429]
[0.05 0.25 0.25 0.45]	[49, 57.44761904761905]
[0.05 0.15 0.3  0.5 ]	[49, 57.44761904761905]
[0.7  0.05 0.05 0.2 ]	[69, 57.352380952380955]
[0.1  0.35 0.45 0.1 ]	[57, 68.58095238095238]
[0.1  0.35 0.1  0.45]	[51, 70.5047619047619]
[0.4  0.35 0.05 0.2 ]	[65, 62.61904761904762]
[0.4  0.05 0.2  0.35]	[57, 66.9047619047619]
[0.2  0.15 0.35 0.3 ]	[53, 69.14285714285714]
[0.2  0.2  0.05 0.55]	[49, 57.44761904761905]
[0.45 0.1  0.1  0.35]	[59, 65.38095238095238]
[0.4  0.45 0.1  0.05]	[72, 60.77142857142858]
[0.1  0.05 0.75 0.1 ]	[52, 71.0952380952381]
[0.4  0.45 0.05 0.1 ]	[71, 62.06666666666667]
[0.55 0.15 0.1  0.2 ]	[67, 62.27619047619047]
[0.45 0.15 0.3  0.1 ]	[67, 63.33333333333333]
[0.1  0.35 0.5  0.05]	[59, 69.1142857142857]
[0.25 0.2  0.15 0.4 ]	[54, 68.52380952380953]
[0.4  0.35 0.2  0.05]	[68, 61.247619047619054]
[0.5  0.2  0.25 0.05]	[71, 62.01904761904762]
[0.35 0.5  0.05 0.1 ]	[70, 63.02857142857143]
[0.15 0.1  0.45 0.3 ]	[51, 70.2952380952381]
[0.05 0.45 0.1  0.4 ]	[53, 71.46666666666667]
[0.35 0.15 0.3  0.2 ]	[59, 66.53333333333333]
[0.15 0.15 0.55 0.15]	[54, 69.1047619047619]
[0.05 0.15 0.5  0.3 ]	[49, 57.44761904761905]
[0.15 0.05 0.55 0.25]	[52, 71.23809523809524]
[0.2  0.15 0.15 0.5 ]	[50, 69.64761904761905]
[0.2  0.6  0.05 0.15]	[65, 66.14285714285715]
[0.35 0.15 0.45 0.05]	[62, 64.81904761904762]
[0.05 0.1  0.1  0.75]	[49, 57.44761904761905]
[0.1  0.25 0.25 0.4 ]	[50, 69.31428571428572]
[0.3  0.05 0.3  0.35]	[54, 68.73333333333333]
[0.05 0.45 0.35 0.15]	[56, 69.87619047619049]
[0.25 0.1  0.2  0.45]	[51, 35.76190476190476]
[0.1  0.3  0.45 0.15]	[55, 69.06666666666666]
[0.2  0.1  0.05 0.65]	[49, 57.44761904761905]
[0.65 0.1  0.05 0.2 ]	[70, 30.333333333333336]
[0.15 0.25 0.25 0.35]	[53, 70.54285714285714]
[0.1  0.1  0.25 0.55]	[49, 57.44761904761905]
[0.15 0.05 0.65 0.15]	[53, 70.09523809523809]
[0.3 0.2 0.2 0.3]	[56, 66.05714285714286]
[0.5  0.1  0.25 0.15]	[65, 63.41904761904762]
[0.2  0.15 0.05 0.6 ]	[49, 57.44761904761905]
[0.05 0.2  0.25 0.5 ]	[49, 57.44761904761905]
[0.15 0.1  0.4  0.35]	[50, 71.24761904761905]
[0.35 0.3  0.1  0.25]	[62, 65.17142857142858]
[0.25 0.45 0.15 0.15]	[62, 64.3047619047619]
[0.3  0.05 0.5  0.15]	[57, 68.01904761904763]
[0.25 0.1  0.05 0.6 ]	[49, 57.44761904761905]
[0.1  0.05 0.6  0.25]	[50, 71.40952380952382]
[0.75 0.15 0.05 0.05]	[0.5  0.15 0.1  0.25]	[62, 61.238095238095234]
[0.35 0.35 0.1  0.2 ]	[63, 64.69523809523811]
[0.05 0.35 0.35 0.25]	[53, 70.67619047619047]
[0.3  0.35 0.1  0.25]	[62, 66.57142857142858]
[0.3  0.25 0.15 0.3 ]	[57, 66.61904761904762]
[0.15 0.1  0.7  0.05]	[55, 69.3047619047619]
[5.55111512e-17 4.50000000e-01 3.00000000e-01 2.50000000e-01]	[54, 70.99047619047619]
[0.05 0.05 0.8  0.1 ]	[51, 71.42857142857143]
[0.15 0.05 0.7  0.1 ]	[54, 69.44761904761904]
[0.05 0.45 0.4  0.1 ]	[57, 68.72380952380952]
[0.5  0.05 0.2  0.25]	[62, 65.34285714285714]
[0.5  0.05 0.4  0.05]	[67, 62.71428571428571]
[0.25 0.3  0.25 0.2 ]	[58, 34.49523809523809]
[0.15 0.1  0.1  0.65]	[49, 27.75238095238095]
[0.35 0.3  0.05 0.3 ]	[59, 64.4095238095238]
[0.25 0.4  0.05 0.3 ]	[57, 64.54285714285713]
[0.3  0.1  0.35 0.25]	[55, 34.43809523809524]
[0.45 0.15 0.05 0.35]	[59, 33.23809523809524]
[0.35 0.3  0.2  0.15]	[64, 64.67619047619047]
[0.15 0.1  0.25 0.5 ]	[49, 27.75238095238095]
[0.1 0.3 0.5 0.1]	[56, 69.26666666666667]
[0.05 0.6  0.05 0.3 ]	[55, 67.48571428571428]
[0.25 0.4  0.1  0.25]	[59, 65.57142857142857]
[0.05 0.65 0.1  0.2 ]	[59, 67.76190476190477]
[0.65 0.2  0.05 0.1 ]	[76, 58.285714285714285]
[0.4  0.15 0.05 0.4 ]	[57, 65.67619047619047]
[0.8  0.05 0.1  0.05]	[0.15 0.4  0.4  0.05]	[59, 66.27619047619048]
[0.05 0.7  0.1  0.15]	[61, 67.67619047619048]
[0.35 0.4  0.15 0.1 ]	[66, 62.95238095238095]
[0.3 0.1 0.4 0.2]	[56, 34.114285714285714]
[0.1  0.4  0.15 0.35]	[54, 69.62857142857143]
[0.5  0.05 0.35 0.1 ]	[66, 63.409523809523805]
[0.6  0.05 0.3  0.05]	[72, 61.69523809523809]
[0.1  0.1  0.35 0.45]	[49, 27.219047619047615]
[0.25 0.65 0.05 0.05]	[69, 62.17142857142858]
[0.4 0.2 0.1 0.3]	[58, 62.70476190476191]
[0.35 0.05 0.05 0.55]	[51, 34.74285714285714]
[0.15 0.35 0.15 0.35]	[54, 69.45714285714286]
[0.2  0.35 0.2  0.25]	