Run Start Time: Fri Nov 10 16:52:34 2023
[0.05 0.05 0.45 0.45]	[47, 74.33333333333333]
[0.3  0.25 0.4  0.05]	[63, 66.12380952380953]
[0.35 0.15 0.4  0.1 ]	[61, 66.11428571428571]
[0.45 0.25 0.1  0.2 ]	[66, 65.78095238095237]
[0.05 0.25 0.65 0.05]	[55, 71.66666666666667]
[0.05 0.15 0.25 0.55]	[46, 74.04761904761905]
[0.6  0.1  0.15 0.15]	[69, 61.076190476190476]
[0.05 0.35 0.5  0.1 ]	[56, 71.41904761904762]
[0.1  0.3  0.05 0.55]	[50, 73.33333333333333]
[0.1  0.35 0.45 0.1 ]	[57, 68.19999999999999]
[0.25 0.2  0.45 0.1 ]	[59, 68.0952380952381]
[0.1  0.1  0.65 0.15]	[53, 72.22857142857143]
[0.2  0.05 0.15 0.6 ]	[48, 71.05714285714285]
[0.1  0.5  0.05 0.35]	[54, 67.6952380952381]
[0.2  0.45 0.25 0.1 ]	[62, 66.77142857142857]
[0.3  0.05 0.05 0.6 ]	[50, 70.58095238095238]
[0.05 0.35 0.15 0.45]	[50, 72.22857142857143]
[0.3 0.2 0.1 0.4]	[55, 68.98095238095239]
[0.25 0.1  0.35 0.3 ]	[54, 68.63809523809523]
[0.25 0.05 0.05 0.65]	[48, 70.71428571428572]
[0.25 0.05 0.15 0.55]	[49, 71.11428571428571]
