Run Start Time: Fri Nov 10 18:21:55 2023
[0.45 0.35 0.15 0.05]	[72, 61.95714285714287]
[0.25 0.55 0.15 0.05]	[68, 64.8047619047619]
[0.05 0.1  0.45 0.4 ]	[48, 72.89047619047618]
[0.25 0.05 0.1  0.6 ]	[49, 72.24761904761905]
[0.05 0.45 0.3  0.2 ]	[56, 70.94285714285714]
[0.05 0.15 0.6  0.2 ]	[51, 71.67142857142856]
[0.6  0.05 0.1  0.25]	[66, 62.971428571428575]
[0.2  0.25 0.25 0.3 ]	[56, 70.78571428571429]
[0.55 0.15 0.2  0.1 ]	[70, 61.04761904761904]
[0.05 0.4  0.15 0.4 ]	[52, 72.17619047619047]
[0.05 0.05 0.8  0.1 ]	[52, 73.48095238095237]
[0.45 0.2  0.2  0.15]	[65, 63.8095238095238]
[0.1 0.2 0.4 0.3]	[51, 70.18095238095238]
[0.05 0.4  0.3  0.25]	[54, 70.18095238095238]
[0.1  0.45 0.25 0.2 ]	[57, 68.5952380952381]
[0.15 0.05 0.3  0.5 ]	[48, 71.80952380952381]
[0.05 0.25 0.15 0.55]	[48, 72.96190476190476]
[0.1  0.05 0.65 0.2 ]	[52, 73.31904761904762]
[0.15 0.65 0.05 0.15]	[64, 66.20476190476191]
[0.3  0.35 0.15 0.2 ]	[62, 65.84761904761905]
[0.25 0.25 0.05 0.45]	[53, 69.35238095238094]
[0.2  0.1  0.25 0.45]	[51, 70.91428571428571]
[0.15 0.05 0.25 0.55]	[47, 72.52380952380952]
[0.25 0.1  0.55 0.1 ]	[58, 69.46190476190478]
[0.3  0.3  0.25 0.15]	[62, 65.8047619047619]
[0.4  0.4  0.15 0.05]	[72, 63.21904761904762]
[0.1  0.15 0.3  0.45]	[49, 73.5809523809524]
[0.2 0.1 0.3 0.4]	[52, 72.31428571428572]
[0.2  0.15 0.25 0.4 ]	[52, 70.91904761904763]
[0.2  0.05 0.4  0.35]	[51, 70.41904761904762]
[0.25 0.15 0.2  0.4 ]	[52, 69.21904761904763]
[0.1 0.3 0.3 0.3]	[53, 71.1]
[0.2  0.15 0.1  0.55]	[49, 71.33809523809524]
[0.05 0.05 0.4  0.5 ]	[47, 75.58095238095238]
[0.25 0.1  0.6  0.05]	[58, 68.02857142857144]
[0.35 0.05 0.1  0.5 ]	[52, 69.06190476190476]
[0.05 0.35 0.05 0.55]	[48, 70.35238095238095]
[0.2  0.3  0.25 0.25]	[56, 68.74285714285715]
[0.5  0.05 0.15 0.3 ]	[60, 64.10952380952381]
[0.4  0.15 0.1  0.35]	[58, 66.51904761904763]
[0.2 0.1 0.3 0.4]	[51, 70.0904761904762]
[0.1 0.3 0.2 0.4]	[51, 70.4857142857143]
[0.05 0.15 0.65 0.15]	[52, 72.81904761904762]
[0.7  0.2  0.05 0.05]	[82, 56.371428571428574]
[0.1  0.8  0.05 0.05]	[67, 65.04761904761904]
[0.45 0.25 0.05 0.25]	[62, 61.990476190476194]
[0.15 0.4  0.4  0.05]	[60, 66.9]
[0.05 0.3  0.45 0.2 ]	[53, 71.18571428571428]
[0.4  0.25 0.15 0.2 ]	[64, 64.94285714285714]
[0.05 0.05 0.65 0.25]	[49, 73.44761904761906]
[0.45 0.05 0.3  0.2 ]	[61, 65.28095238095239]
[0.45 0.35 0.1  0.1 ]	[71, 62.37619047619049]
[0.15 0.5  0.2  0.15]	[60, 67.0047619047619]
[0.3  0.05 0.55 0.1 ]	[58, 68.32857142857142]
[0.1  0.05 0.25 0.6 ]	[47, 75.58095238095238]
[0.05 0.45 0.35 0.15]	[56, 69.67142857142858]
[0.3  0.15 0.1  0.45]	[53, 68.91904761904762]
[0.5  0.15 0.25 0.1 ]	[69, 64.21428571428571]
[0.1  0.65 0.1  0.15]	[61, 67.38571428571429]
[0.25 0.1  0.45 0.2 ]	[56, 69.87619047619049]
[0.4  0.15 0.35 0.1 ]	[63, 65.40952380952382]
[0.2 0.3 0.3 0.2]	[58, 69.18095238095238]
[0.1  0.05 0.15 0.7 ]	[46, 76.11904761904762]
[0.65 0.2  0.1  0.05]	[79, 57.97619047619048]
[0.15 0.3  0.3  0.25]	[55, 69.93809523809524]
[0.2  0.05 0.65 0.1 ]	[55, 70.03333333333333]
[0.55 0.35 0.05 0.05]	[78, 59.50476190476191]
[0.2  0.25 0.05 0.5 ]	[51, 69.07142857142857]
[0.45 0.3  0.15 0.1 ]	[70, 62.38095238095238]
[0.1  0.35 0.5  0.05]	[58, 69.58095238095238]
[0.15 0.05 0.3  0.5 ]	[48, 72.11428571428571]
[0.1  0.05 0.7  0.15]	[52, 72.78095238095239]
[0.15 0.35 0.4  0.1 ]	[59, 68.87619047619047]
[0.3  0.45 0.05 0.2 ]	[63, 64.92380952380952]
[0.45 0.2  0.15 0.2 ]	[64, 63.99047619047619]
[0.4  0.25 0.3  0.05]	[67, 63.80476190476191]
[0.1  0.15 0.3  0.45]	[49, 72.98095238095237]
[0.6  0.05 0.3  0.05]	[72, 61.94285714285714]
[0.2 0.4 0.1 0.3]	[56, 67.37142857142857]
[0.15 0.25 0.5  0.1 ]	[57, 68.82380952380952]
[0.05 0.15 0.4  0.4 ]	[49, 74.39047619047618]
[0.3  0.15 0.35 0.2 ]	[59, 69.38095238095238]
[0.25 0.4  0.2  0.15]	[62, 65.3047619047619]
[0.3  0.45 0.2  0.05]	[68, 65.14761904761906]
[0.25 0.05 0.4  0.3 ]	[54, 70.51428571428572]
[0.2  0.2  0.05 0.55]	[50, 71.3047619047619]
[0.1  0.65 0.15 0.1 ]	[63, 68.42857142857143]
[0.8  0.05 0.1  0.05]	[83, 55.93333333333334]
[0.4 0.1 0.3 0.2]	[61, 66.91904761904762]
[0.05 0.1  0.4  0.45]	[47, 74.01428571428572]
[0.25 0.05 0.1  0.6 ]	[49, 72.10952380952381]
[0.1  0.3  0.45 0.15]	[55, 70.14761904761905]
[0.2  0.1  0.25 0.45]	[50, 71.12380952380953]
[0.3  0.25 0.1  0.35]	[56, 67.66190476190476]
[0.05 0.2  0.7  0.05]	[54, 70.64761904761906]
[0.55 0.1  0.15 0.2 ]	[66, 63.13333333333334]
[0.2  0.35 0.35 0.1 ]	[61, 68.29047619047618]
[0.5  0.05 0.1  0.35]	[60, 64.96666666666667]
[0.3  0.2  0.45 0.05]	[62, 66.20476190476191]
[0.05 0.8  0.1  0.05]	[65, 66.96666666666667]
[0.15 0.65 0.05 0.15]	[63, 66.95714285714286]
[0.5 0.1 0.2 0.2]	[65, 65.46666666666667]
[0.05 0.65 0.25 0.05]	[62, 67.66666666666666]
[0.1 0.6 0.2 0.1]	[61, 67.71428571428571]
[0 0.2 0.5 0.3]	[50, 74.24285714285715]
[0.6  0.25 0.1  0.05]	[78, 59.43809523809524]
[0.2 0.2 0.4 0.2]	[56, 70.28095238095237]
[0.7  0.15 0.05 0.1 ]	[79, 57.0047619047619]
[0.35 0.05 0.25 0.35]	[55, 68.73333333333333]
[0.25 0.05 0.2  0.5 ]	[51, 71.69047619047619]
[0.1  0.65 0.05 0.2 ]	[61, 68.54285714285714]
[0.2  0.15 0.35 0.3 ]	[53, 70.4047619047619]
[0.1  0.15 0.3  0.45]	[49, 73.47619047619048]
[0.15 0.1  0.3  0.45]	[50, 73.18571428571428]
[0.25 0.35 0.25 0.15]	[61, 67.12380952380953]
[0.3  0.25 0.4  0.05]	[63, 66.57619047619048]
[0.3  0.35 0.05 0.3 ]	[58, 65.87619047619047]
[0.15 0.1  0.3  0.45]	[50, 72.88571428571429]
[0.1  0.05 0.4  0.45]	[48, 72.55238095238096]
[0.15 0.35 0.35 0.15]	[58, 69.4047619047619]
[0.1 0.2 0.3 0.4]	[50, 72.54285714285714]
[0.05 0.1  0.7  0.15]	[52, 73.39523809523808]
[0.3  0.05 0.25 0.4 ]	[53, 70.02380952380953]
[0.1 0.3 0.5 0.1]	[57, 69.9095238095238]
[0.6  0.1  0.15 0.15]	[70, 60.699999999999996]
[0.1  0.25 0.1  0.55]	[49, 73.03333333333335]
[0.5  0.15 0.2  0.15]	[66, 63.228571428571435]
[0.45 0.3  0.15 0.1 ]	[70, 63.04761904761905]
[0.25 0.55 0.1  0.1 ]	[66, 64.45714285714287]
[0.1  0.15 0.15 0.6 ]	[47, 73.82380952380953]
[0.1  0.25 0.05 0.6 ]	[48, 71.76666666666667]
[0.4 0.4 0.1 0.1]	[71, 63.93809523809524]
[0.55 0.05 0.15 0.25]	[64, 63.6]
[0.2  0.2  0.45 0.15]	[57, 68.47619047619048]
[0.15 0.25 0.15 0.45]	[52, 72.10476190476189]
[0.25 0.1  0.5  0.15]	[56, 68.63333333333334]
[0.1  0.8  0.05 0.05]	[68, 66.12857142857142]
[0.05 0.45 0.4  0.1 ]	[58, 70.30952380952381]
[0.1  0.2  0.35 0.35]	[51, 71.47142857142858]
[0.55 0.05 0.1  0.3 ]	[62, 63.23809523809525]
[0.5  0.1  0.25 0.15]	[65, 64.09523809523809]
[0.1  0.3  0.55 0.05]	[57, 69.2952380952381]
[0.4  0.3  0.25 0.05]	[68, 63.442857142857136]
[0.35 0.15 0.05 0.45]	[55, 68.55714285714286]
[0.05 0.2  0.1  0.65]	[46, 74.1952380952381]
[0.25 0.2  0.25 0.3 ]	[56, 70.06666666666665]
[0.3  0.45 0.15 0.1 ]	[66, 65.14285714285715]
[0.1  0.45 0.15 0.3 ]	[55, 70.06666666666665]
[0.3  0.15 0.25 0.3 ]	[56, 69.12857142857143]
[0.55 0.05 0.35 0.05]	[70, 62.27142857142858]
[0.15 0.2  0.35 0.3 ]	[53, 70.67142857142858]
[0.35 0.1  0.25 0.3 ]	[57, 67.32380952380952]
[0.05 0.25 0.3  0.4 ]	[49, 72.30000000000001]
[0.2  0.05 0.4  0.35]	[52, 72.41428571428571]
[0.1  0.15 0.1  0.65]	[47, 74.7095238095238]
[0.15 0.1  0.65 0.1 ]	[55, 71.32857142857144]
[0.35 0.1  0.1  0.45]	[55, 68.8809523809524]
[0.05 0.1  0.4  0.45]	[48, 74.25238095238096]
[0.3  0.05 0.35 0.3 ]	[54, 67.9047619047619]
[0.3  0.2  0.05 0.45]	[54, 67.46666666666667]
[0.65 0.1  0.15 0.1 ]	[75, 60.209523809523816]
[0.5 0.2 0.1 0.2]	[66, 63.45238095238095]
[0.45 0.15 0.25 0.15]	[64, 63.26666666666667]
[0.25 0.3  0.2  0.25]	[58, 68.01428571428572]
[0.05 0.35 0.25 0.35]	[51, 70.44761904761904]
[0.3  0.05 0.2  0.45]	[52, 70.25714285714285]
[0.15 0.15 0.05 0.65]	[48, 72.50952380952381]
[0.25 0.3  0.35 0.1 ]	[62, 67.3904761904762]
[0.35 0.55 0.05 0.05]	[73, 62.42857142857142]
[0.1  0.05 0.6  0.25]	[51, 72.29523809523809]
[0.05 0.2  0.25 0.5 ]	[48, 72.4047619047619]
[0.05 0.05 0.7  0.2 ]	[51, 73.4904761904762]
[0.8  0.1  0.05 0.05]	[85, 54.695238095238096]
[0.1  0.45 0.25 0.2 ]	[57, 69.03333333333333]
[0.1  0.15 0.35 0.4 ]	[50, 73.14761904761905]
[0.1 0.4 0.3 0.2]	[57, 69.61904761904762]
[0.65 0.15 0.1  0.1 ]	[76, 59.266666666666666]
[0.15 0.65 0.1  0.1 ]	[65, 66.8047619047619]
[0.45 0.15 0.1  0.3 ]	[61, 65.2904761904762]
[0.15 0.2  0.5  0.15]	[55, 70.05714285714286]
[0.2  0.15 0.05 0.6 ]	[49, 71.59523809523809]
[0.3  0.15 0.5  0.05]	[62, 66.98571428571428]
[0.2  0.4  0.25 0.15]	[61, 68.62380952380953]
[0.1  0.3  0.05 0.55]	[49, 71.71428571428571]
[0.55 0.1  0.1  0.25]	[64, 61.83809523809525]
[0.35 0.3  0.3  0.05]	[66, 64.84285714285714]
[0.2  0.45 0.3  0.05]	[63, 66.67142857142856]
[0.5  0.35 0.05 0.1 ]	[72, 60.371428571428574]
[0.1  0.1  0.65 0.15]	[53, 72.27619047619046]
[0.2  0.3  0.05 0.45]	[52, 69.21904761904763]
[0.15 0.15 0.45 0.25]	[53, 71.20476190476191]
[0.05 0.05 0.2  0.7 ]	[45, 75.82857142857144]
[0.05 0.2  0.4  0.35]	[50, 73.08571428571427]
[0.4  0.05 0.15 0.4 ]	[56, 69.48571428571428]
[0.05 0.2  0.35 0.4 ]	[49, 73.21904761904761]
[0.4  0.05 0.35 0.2 ]	[59, 66.64761904761906]
[0.7  0.05 0.15 0.1 ]	[75, 59.67619047619047]
[0.1  0.05 0.4  0.45]	[48, 72.1]
[0 0.45 0.25 0.3]	[52, 71.17142857142858]
[0.3  0.35 0.2  0.15]	[63, 66.27142857142857]
