Run Start Time: Mon Aug  7 22:22:47 2023
[0.05 0.55 0.05 0.35]	[54, 68.66666666666667]
[0.1  0.2  0.15 0.55]	[47, 69.84761904761905]
[0.05 0.15 0.5  0.3 ]	[49, 70.78095238095237]
[0.45 0.2  0.1  0.25]	[62, 63.142857142857146]
[0.05 0.75 0.05 0.15]	[62, 66.92380952380952]
[0.25 0.45 0.2  0.1 ]	[64, 65.65714285714286]
[0.5  0.15 0.2  0.15]	[65, 61.60000000000001]
[0.05 0.55 0.05 0.35]	[54, 68.3047619047619]
[0.15 0.6  0.1  0.15]	[62, 66.42857142857143]
[0.35 0.5  0.05 0.1 ]	[70, 63.228571428571435]
[0.1  0.5  0.35 0.05]	[60, 67.33333333333333]
[0.2  0.4  0.25 0.15]	[60, 66.88571428571429]
[0.3  0.15 0.15 0.4 ]	[54, 67.94285714285715]
[0.4 0.2 0.2 0.2]	[62, 63.780952380952385]
[0.05 0.7  0.2  0.05]	[62, 66.25714285714285]
[0.35 0.5  0.1  0.05]	[70, 61.98095238095238]
[0.15 0.7  0.05 0.1 ]	[66, 65.41904761904762]
[5.55111512e-17 4.50000000e-01 3.00000000e-01 2.50000000e-01]	[52, 69.55238095238096]
[0.2 0.1 0.1 0.6]	[47, 69.35238095238094]
[0.3  0.15 0.35 0.2 ]	[57, 65.99999999999999]
[0.3  0.35 0.05 0.3 ]	[59, 34.609523809523814]
[0.15 0.5  0.3  0.05]	[62, 65.83809523809524]
[0.5  0.25 0.05 0.2 ]	[68, 62.36190476190476]
[0.1  0.65 0.1  0.15]	[61, 66.60000000000001]
[0.05 0.15 0.75 0.05]	[53, 70.43809523809523]
[0.45 0.25 0.2  0.1 ]	[67, 61.4]
[0.05 0.1  0.7  0.15]	[52, 72.39047619047619]
[0.1  0.15 0.1  0.65]	[45, 71.01904761904761]
[0.2  0.05 0.1  0.65]	[46, 70.5904761904762]
[0.65 0.15 0.15 0.05]	[77, 58.609523809523814]
[0.15 0.15 0.65 0.05]	[56, 68.65714285714286]
[0.4 0.1 0.2 0.3]	[58, 66.36190476190477]
[0.4  0.05 0.4  0.15]	[60, 65.02857142857142]
[0.4  0.15 0.05 0.4 ]	[56, 66.19047619047619]
[0.05 0.05 0.5  0.4 ]	[47, 72.55238095238096]
[0.2  0.1  0.25 0.45]	[50, 69.83809523809524]
[0.2  0.55 0.2  0.05]	[65, 65.13333333333333]
[0.1  0.05 0.2  0.65]	[44, 0.0]
[0.3  0.3  0.25 0.15]	[61, 65.4857142857143]
[0.25 0.25 0.35 0.15]	[59, 67.00952380952381]
[0.1  0.45 0.1  0.35]	[53, 35.714285714285715]
[0.45 0.15 0.15 0.25]	[61, 62.780952380952385]
[0.1  0.25 0.3  0.35]	[52, 71.86666666666666]
[0.1  0.55 0.1  0.25]	[57, 68.03809523809522]
[0.45 0.15 0.15 0.25]	[62, 64.01904761904763]
[0.05 0.15 0.65 0.15]	[52, 70.64761904761906]
[0.2  0.45 0.2  0.15]	[61, 65.74285714285715]
[0.15 0.1  0.6  0.15]	