Run Start Time: Mon Aug  7 16:41:13 2023
[0.05 0.5  0.15 0.3 ]	[54, 68.81904761904762]
[0.4  0.25 0.25 0.1 ]	[65, 63.38095238095238]
[0.3 0.1 0.4 0.2]	[56, 66.5047619047619]
[0.25 0.1  0.05 0.6 ]	[49, 70.47619047619048]
[0.05 0.35 0.25 0.35]	[51, 70.33333333333333]
[0.25 0.55 0.05 0.15]	[65, 65.0952380952381]
[0.2  0.15 0.4  0.25]	[53, 68.54285714285714]
[0.15 0.35 0.1  0.4 ]	[53, 68.32380952380952]
[0.35 0.3  0.05 0.3 ]	[59, 64.47619047619048]
[0.25 0.1  0.5  0.15]	[57, 67.42857142857143]
[0.3  0.2  0.05 0.45]	[53, 34.03809523809524]
[0.55 0.2  0.1  0.15]	[69, 60.77142857142858]
[0.35 0.45 0.05 0.15]	[67, 63.114285714285714]
[0.15 0.3  0.45 0.1 ]	[58, 67.86666666666667]
[0.15 0.65 0.15 0.05]	[66, 65.74285714285715]
[0.05 0.35 0.15 0.45]	[50, 71.05714285714285]
[0.2  0.55 0.15 0.1 ]	[64, 65.77142857142857]
[0.05 0.35 0.1  0.5 ]	[49, 70.4]
[0.45 0.1  0.35 0.1 ]	[64, 63.06666666666667]
[0.45 0.05 0.35 0.15]	[62, 64.88571428571429]
[0.4  0.3  0.25 0.05]	[68, 62.5047619047619]
[0.3  0.2  0.15 0.35]	[56, 67.51428571428572]
[0.45 0.1  0.05 0.4 ]	[57, 64.21904761904761]
[0.55 0.15 0.15 0.15]	[68, 61.18095238095238]
[0.1  0.3  0.05 0.55]	