Run Start Time: Wed Aug  9 11:10:41 2023
[0.4  0.1  0.15 0.35]	[58, 67.6952380952381]
[0.05 0.3  0.1  0.55]	[48, 72.96190476190476]
[0.25 0.2  0.5  0.05]	[60, 67.5904761904762]
[0.1 0.6 0.2 0.1]	[61, 67.07619047619048]
[0.35 0.4  0.05 0.2 ]	[64, 63.93333333333333]
[0.1  0.2  0.05 0.65]	[46, 71.05714285714285]
[0.2  0.5  0.15 0.15]	[63, 68.15238095238095]
[0.05 0.25 0.5  0.2 ]	[53, 72.37142857142857]
[0.1 0.4 0.4 0.1]	[58, 69.48571428571428]
[0.25 0.55 0.15 0.05]	[68, 64.83809523809524]
[0.4  0.05 0.2  0.35]	[55, 65.87619047619047]
[0.1 0.2 0.6 0.1]	[54, 68.9047619047619]
[0.1  0.1  0.25 0.55]	[47, 73.08571428571427]
[0.75 0.05 0.15 0.05]	[79, 55.90476190476191]
[0.05 0.35 0.5  0.1 ]	[56, 70.22857142857143]
[0.55 0.2  0.05 0.2 ]	[68, 61.98095238095238]
[0.4 0.3 0.1 0.2]	[64, 63.0]
[0.05 0.1  0.55 0.3 ]	[49, 71.42857142857143]
[0.15 0.4  0.1  0.35]	[54, 68.87619047619047]
[0.2 0.2 0.2 0.4]	[52, 69.73333333333333]
[0.15 0.25 0.35 0.25]	[53, 69.41904761904763]
[0.3  0.35 0.2  0.15]	[62, 65.64761904761906]
[0.3  0.15 0.45 0.1 ]	[59, 65.82857142857144]
[0.7  0.05 0.15 0.1 ]	[75, 59.07619047619048]
[0.15 0.05 0.45 0.35]	[50, 71.4952380952381]
[0.55 0.35 0.05 0.05]	[78, 59.990476190476194]
[0.3 0.1 0.1 0.5]	[52, 70.68571428571428]
[0.4 0.1 0.4 0.1]	[62, 65.51428571428572]
[0.15 0.3  0.35 0.2 ]	[56, 68.94285714285714]
[0.65 0.2  0.05 0.1 ]	[76, 57.32380952380952]
[0.1  0.15 0.5  0.25]	[51, 70.14285714285715]
[0.2  0.15 0.15 0.5 ]	[50, 70.65714285714286]
[0.55 0.2  0.05 0.2 ]	[67, 61.53333333333333]
[0.3 0.2 0.1 0.4]	[54, 66.18095238095238]
[0.2  0.3  0.35 0.15]	[58, 68.8952380952381]
[0.3  0.2  0.45 0.05]	[62, 66.4857142857143]
[0.2  0.6  0.05 0.15]	[64, 65.61904761904762]
[5.55111512e-17 4.50000000e-01 2.50000000e-01 3.00000000e-01]	[53, 72.01904761904763]
[0.75 0.1  0.05 0.1 ]	[79, 55.780952380952385]
[0.4  0.1  0.45 0.05]	[63, 65.44761904761904]
[0.1  0.25 0.55 0.1 ]	[55, 69.74285714285715]
[0.25 0.1  0.3  0.35]	[52, 69.16190476190476]
[0.05 0.3  0.05 0.6 ]	[47, 72.70476190476191]
[0.55 0.2  0.05 0.2 ]	[67, 61.71428571428571]
[0.25 0.15 0.3  0.3 ]	[55, 70.19047619047619]
[0.25 0.3  0.1  0.35]	[57, 69.88571428571429]
[0.5  0.05 0.4  0.05]	[66, 62.2]
[0.2  0.05 0.55 0.2 ]	[54, 69.75238095238095]
[0.05 0.3  0.2  0.45]	[49, 70.86666666666666]
[0.1  0.3  0.15 0.45]	[50, 70.62857142857143]
[0.15 0.05 0.25 0.55]	[47, 72.80952380952381]
[0.25 0.4  0.2  0.15]	[60, 65.18095238095239]
[0.3  0.05 0.35 0.3 ]	[54, 66.70476190476191]
[0.45 0.1  0.1  0.35]	[59, 66.27619047619048]
[0.4 0.1 0.3 0.2]	[59, 64.28571428571429]
[0.25 0.1  0.45 0.2 ]	[55, 68.19047619047619]
[0.2  0.35 0.35 0.1 ]	[60, 67.54285714285714]
[0.25 0.4  0.05 0.3 ]	[59, 66.31428571428572]
[0.3  0.25 0.2  0.25]	[59, 66.72380952380954]
[0.4  0.1  0.45 0.05]	[64, 64.25714285714285]
[0.4 0.1 0.4 0.1]	[62, 65.62857142857142]
[0.45 0.05 0.45 0.05]	[65, 64.88571428571429]
[0.2  0.05 0.2  0.55]	[48, 71.44761904761904]
[0.15 0.35 0.05 0.45]	[53, 70.6]
[0.15 0.1  0.2  0.55]	[47, 71.43809523809524]
[0.45 0.05 0.25 0.25]	[60, 66.36190476190477]
[0.15 0.1  0.65 0.1 ]	[55, 70.74285714285715]
[0.65 0.15 0.05 0.15]	[74, 59.76190476190476]
[0.45 0.25 0.2  0.1 ]	[68, 62.96190476190476]
[0.35 0.25 0.05 0.35]	[59, 67.27619047619048]
[0.2 0.1 0.3 0.4]	[51, 69.38095238095238]
[0.45 0.1  0.4  0.05]	[67, 65.21904761904761]
[0.25 0.1  0.25 0.4 ]	[53, 70.5904761904762]
[0.3  0.05 0.45 0.2 ]	[56, 67.95238095238093]
[0.05 0.2  0.3  0.45]	[48, 72.5047619047619]
[0.05 0.15 0.2  0.6 ]	[46, 71.86666666666666]
[0.25 0.25 0.45 0.05]	[61, 67.24761904761904]
[0.45 0.05 0.05 0.45]	[55, 67.35238095238095]
[0.35 0.25 0.25 0.15]	[63, 66.38095238095238]
[0.25 0.1  0.05 0.6 ]	[49, 69.95238095238095]
[0.1  0.05 0.8  0.05]	[52, 69.73333333333333]
[0.15 0.25 0.3  0.3 ]	[54, 70.02857142857142]
[0.1  0.15 0.25 0.5 ]	[48, 72.91428571428573]
[0.5  0.3  0.05 0.15]	[71, 61.819047619047616]
[0.25 0.3  0.15 0.3 ]	[57, 68.54285714285714]
[0.2  0.7  0.05 0.05]	[69, 63.28571428571429]
[0.1 0.3 0.3 0.3]	[53, 70.99047619047619]
[0.25 0.1  0.5  0.15]	[57, 69.0095238095238]
[0.3  0.15 0.4  0.15]	[59, 66.44761904761904]
[0.1  0.15 0.4  0.35]	[50, 72.38095238095238]
[0.45 0.05 0.45 0.05]	[63, 64.35238095238095]
[0.1 0.2 0.2 0.5]	[48, 72.16190476190476]
[0.15 0.4  0.2  0.25]	[56, 67.2095238095238]
[0.05 0.35 0.15 0.45]	[49, 69.75238095238095]
[0.55 0.25 0.15 0.05]	[74, 59.952380952380956]
[0.35 0.05 0.05 0.55]	[52, 69.1142857142857]
[0.2  0.05 0.65 0.1 ]	[55, 70.20952380952382]
[0.35 0.25 0.05 0.35]	[56, 64.08571428571429]
[0.25 0.4  0.1  0.25]	[60, 67.19047619047619]
[0.35 0.35 0.2  0.1 ]	[67, 64.86666666666666]
[0.5  0.1  0.25 0.15]	[65, 64.39047619047619]
[0.15 0.35 0.45 0.05]	[60, 68.77142857142856]
[0.25 0.2  0.3  0.25]	[56, 67.88571428571429]
[0.15 0.05 0.65 0.15]	[53, 71.39047619047618]
[0.15 0.05 0.5  0.3 ]	[51, 70.89523809523808]
[0.05 0.2  0.25 0.5 ]	[48, 72.9904761904762]
[0.05 0.55 0.35 0.05]	[60, 68.73333333333333]
[0.6  0.3  0.05 0.05]	[79, 57.91428571428572]
[0.4  0.25 0.25 0.1 ]	[66, 63.95238095238096]
[0.3  0.55 0.1  0.05]	[70, 63.58095238095238]
[0.35 0.25 0.2  0.2 ]	[62, 66.89523809523808]
[0.35 0.5  0.1  0.05]	[71, 62.114285714285714]
[0.35 0.35 0.1  0.2 ]	[63, 64.36190476190477]
[0.2  0.45 0.05 0.3 ]	[58, 67.71428571428571]
[0.15 0.6  0.2  0.05]	[65, 66.6952380952381]
[0.2  0.25 0.1  0.45]	[52, 70.26666666666667]
[0.05 0.1  0.75 0.1 ]	[52, 72.26666666666665]
[0.25 0.1  0.3  0.35]	[53, 69.43809523809523]
[0.1  0.2  0.25 0.45]	[49, 70.56190476190477]
[0.15 0.7  0.05 0.1 ]	[65, 65.52380952380952]
[0.1 0.1 0.1 0.7]	[44, 71.56190476190476]
[0.5  0.05 0.1  0.35]	[59, 63.961904761904755]
[0.35 0.1  0.15 0.4 ]	[55, 68.63809523809523]
[0.15 0.75 0.05 0.05]	[68, 65.31428571428572]
[0.05 0.3  0.25 0.4 ]	[51, 72.22857142857143]
[0.4  0.1  0.35 0.15]	[62, 66.91428571428571]
[0.15 0.5  0.25 0.1 ]	[61, 66.45714285714286]
[0.65 0.1  0.05 0.2 ]	[70, 60.333333333333336]
[0.3  0.45 0.15 0.1 ]	[65, 65.18095238095239]
[0.1  0.3  0.15 0.45]	[51, 70.65714285714286]
[0.35 0.05 0.35 0.25]	[56, 66.21904761904761]
[0.1  0.3  0.55 0.05]	[56, 67.80952380952381]
[0.45 0.05 0.3  0.2 ]	[61, 65.72380952380954]
[0.05 0.2  0.05 0.7 ]	[44, 70.4095238095238]
[0.3  0.1  0.15 0.45]	[52, 69.50476190476192]
[0.2  0.05 0.55 0.2 ]	[53, 70.77142857142857]
[0.4  0.25 0.15 0.2 ]	[63, 64.8]
[0.25 0.55 0.1  0.1 ]	[67, 65.2761904761905]
[0.15 0.55 0.1  0.2 ]	[60, 67.5904761904762]
[0.2  0.2  0.05 0.55]	[50, 71.05714285714285]
[0.05 0.15 0.3  0.5 ]	[47, 73.25714285714285]
[0.05 0.25 0.4  0.3 ]	[51, 71.76190476190476]
[0.05 0.4  0.25 0.3 ]	[53, 71.73333333333332]
[0.25 0.1  0.1  0.55]	[50, 70.34285714285714]
[0.65 0.1  0.1  0.15]	[71, 58.72380952380952]
[0.2  0.2  0.05 0.55]	[50, 70.58095238095238]
[0.4  0.05 0.1  0.45]	[54, 66.25714285714285]
[0.3  0.35 0.1  0.25]	[60, 66.1047619047619]
[0.2  0.45 0.25 0.1 ]	[62, 67.55238095238096]
[0.1  0.15 0.05 0.7 ]	[45, 72.53333333333333]
[0.35 0.15 0.3  0.2 ]	[59, 64.84761904761905]
[0.5  0.15 0.25 0.1 ]	[67, 62.542857142857144]
[0.65 0.05 0.25 0.05]	[74, 59.32380952380952]
[0.15 0.35 0.25 0.25]	[56, 69.68571428571428]
[0.7 0.1 0.1 0.1]	[76, 58.25714285714286]
[0.35 0.2  0.3  0.15]	[62, 67.17142857142858]
[0.1  0.4  0.45 0.05]	[58, 68.51428571428572]
[0.1  0.3  0.15 0.45]	[51, 71.3142857142857]
[0.4  0.15 0.05 0.4 ]	[58, 68.14285714285714]
[0.45 0.1  0.3  0.15]	[63, 64.88571428571429]
[0.15 0.75 0.05 0.05]	[67, 64.71428571428571]
[0.3  0.4  0.05 0.25]	[63, 66.58095238095237]
[0.2  0.45 0.2  0.15]	[60, 66.96190476190476]
[0.3 0.1 0.2 0.4]	[55, 71.22857142857143]
[0.15 0.25 0.55 0.05]	[58, 69.32380952380953]
[0.4 0.3 0.1 0.2]	[64, 63.2]
[0.2  0.25 0.3  0.25]	[56, 69.5142857142857]
[0.45 0.1  0.2  0.25]	[60, 65.61904761904762]
[0.3 0.3 0.3 0.1]	[62, 66.1047619047619]
[0.1  0.5  0.25 0.15]	[58, 68.52380952380953]
[0.2 0.5 0.2 0.1]	[63, 66.61904761904762]
[0.65 0.25 0.05 0.05]	[79, 55.76190476190476]
[0.05 0.7  0.15 0.1 ]	[61, 66.61904761904762]
[0.05 0.6  0.1  0.25]	[56, 68.04761904761905]
[0.2  0.1  0.45 0.25]	[53, 69.85714285714285]
[0.6 0.1 0.1 0.2]	[67, 62.25714285714287]
[0.3  0.25 0.4  0.05]	[63, 66.51428571428572]
[0.1  0.55 0.25 0.1 ]	[61, 67.55238095238096]
[0.2  0.45 0.3  0.05]	[64, 66.40952380952382]
[0.25 0.3  0.3  0.15]	[59, 65.0952380952381]
[0.15 0.25 0.5  0.1 ]	[57, 69.4095238095238]
[0.2  0.2  0.55 0.05]	[59, 67.54285714285714]
[0.1  0.6  0.05 0.25]	[57, 68.16190476190475]
[0.1  0.2  0.05 0.65]	[47, 72.88571428571429]
[0.1  0.05 0.3  0.55]	[46, 71.88571428571429]
[0.2 0.4 0.2 0.2]	[59, 66.70476190476191]
[0.6  0.15 0.05 0.2 ]	[70, 61.34285714285714]
[0.15 0.2  0.2  0.45]	[50, 70.52380952380952]
[0.25 0.65 0.05 0.05]	[70, 63.36190476190476]
[0.2  0.45 0.3  0.05]	[63, 67.17142857142858]
[0.1 0.2 0.1 0.6]	[47, 72.61904761904762]
[0.3 0.3 0.2 0.2]	[60, 65.54285714285713]
[0.55 0.05 0.35 0.05]	[69, 61.20000000000001]
[0.45 0.25 0.2  0.1 ]	[67, 63.114285714285714]
[0.7  0.1  0.05 0.15]	[76, 59.00952380952381]
[0.2 0.2 0.3 0.3]	[53, 69.1142857142857]
[0.05 0.25 0.4  0.3 ]	[51, 71.12380952380953]
[0.6 0.1 0.2 0.1]	[72, 61.276190476190486]
[0.2 0.2 0.3 0.3]	[53, 69.45714285714286]
[0.1  0.05 0.55 0.3 ]	[49, 71.0952380952381]
