Run Start Time: Fri Nov 10 10:17:20 2023
[0.1  0.35 0.25 0.3 ]	[52, 69.4095238095238]
[0.05 0.4  0.25 0.3 ]	[53, 70.95238095238095]
[0.55 0.15 0.1  0.2 ]	[67, 61.56190476190476]
[0.35 0.1  0.5  0.05]	[62, 65.88571428571429]
[0.45 0.2  0.3  0.05]	[68, 63.26666666666667]
[0.1  0.45 0.4  0.05]	[60, 68.06666666666666]
[0.45 0.3  0.15 0.1 ]	[68, 62.38095238095238]
[0.15 0.6  0.1  0.15]	[63, 67.73333333333333]
[0.05 0.5  0.05 0.4 ]	[52, 70.06666666666665]
[0.3  0.05 0.45 0.2 ]	[57, 68.3047619047619]
[0.2  0.35 0.1  0.35]	[55, 68.76190476190477]
[0.05 0.1  0.55 0.3 ]	[49, 73.5047619047619]
[0.5  0.25 0.15 0.1 ]	[72, 62.99047619047619]
[0.3  0.4  0.15 0.15]	[63, 65.77142857142857]
[0.15 0.2  0.25 0.4 ]	[51, 70.01904761904761]
[0.4  0.2  0.35 0.05]	[67, 64.63809523809523]
[0.05 0.05 0.8  0.1 ]	[51, 71.62857142857142]
[0.45 0.4  0.05 0.1 ]	[71, 61.48571428571429]
[0.15 0.25 0.55 0.05]	[58, 69.39047619047619]
[0.2 0.3 0.2 0.3]	[55, 69.63809523809525]
[0.2  0.1  0.45 0.25]	[54, 69.97142857142858]
[0.05 0.2  0.5  0.25]	[51, 71.76190476190476]
[0.15 0.05 0.5  0.3 ]	[51, 71.58095238095238]
[0.05 0.35 0.5  0.1 ]	[55, 70.21904761904763]
[0.35 0.3  0.1  0.25]	[62, 64.94285714285714]
[0.45 0.25 0.05 0.25]	[64, 64.12380952380953]
[0.6  0.25 0.05 0.1 ]	[76, 59.857142857142854]
[0.05 0.25 0.45 0.25]	[51, 70.1047619047619]
[0.25 0.35 0.3  0.1 ]	[62, 65.64761904761906]
[0.15 0.1  0.45 0.3 ]	[51, 69.83809523809524]
[0.35 0.1  0.35 0.2 ]	[59, 67.3904761904762]
[0.4  0.25 0.05 0.3 ]	[60, 64.16190476190476]
[0.1  0.05 0.3  0.55]	[46, 73.27619047619048]
[0.65 0.1  0.1  0.15]	[73, 59.36190476190476]
[0.05 0.3  0.3  0.35]	[51, 70.97142857142856]
[0.3  0.25 0.3  0.15]	[61, 67.31428571428572]
[0.15 0.1  0.6  0.15]	[54, 70.19999999999999]
[0.2  0.45 0.1  0.25]	[59, 67.52380952380953]
[0.15 0.55 0.2  0.1 ]	[62, 66.11428571428571]
[0.45 0.25 0.2  0.1 ]	[67, 62.48571428571429]
[0.35 0.15 0.35 0.15]	[60, 65.57142857142857]
[0.2  0.25 0.1  0.45]	[53, 71.02857142857142]
[0.1  0.45 0.2  0.25]	[55, 68.56190476190476]
[0.4  0.15 0.4  0.05]	[65, 65.14285714285715]
[5.55111512e-17 4.50000000e-01 3.00000000e-01 2.50000000e-01]	[53, 71.35238095238095]
[0.2 0.2 0.4 0.2]	[56, 69.72380952380952]
[0.3  0.25 0.35 0.1 ]	[62, 66.25714285714285]
[0.2  0.25 0.2  0.35]	[54, 68.57142857142857]
[0.05 0.15 0.05 0.75]	[44, 74.86666666666667]
[0.1  0.25 0.25 0.4 ]	[51, 71.77142857142857]
[0.85 0.05 0.05 0.05]	[87, 53.15238095238095]
[0.4  0.2  0.35 0.05]	[66, 63.323809523809516]
[0.05 0.05 0.7  0.2 ]	[50, 73.78095238095239]
[0.05 0.1  0.7  0.15]	[51, 71.61904761904762]
[0.4  0.3  0.05 0.25]	[63, 65.46666666666667]
[0.05 0.3  0.2  0.45]	[50, 73.52380952380952]
[0.05 0.25 0.65 0.05]	[55, 71.47619047619047]
[0.55 0.15 0.05 0.25]	[66, 63.771428571428565]
[0.1  0.15 0.7  0.05]	[55, 71.1047619047619]
[0.15 0.15 0.3  0.4 ]	[50, 71.94285714285715]
[0.45 0.45 0.05 0.05]	[75, 60.952380952380956]
[0.05 0.25 0.2  0.5 ]	[48, 71.93333333333334]
[0.1 0.2 0.4 0.3]	[51, 69.57142857142857]
[0.15 0.4  0.3  0.15]	[58, 68.26666666666668]
[0.1 0.6 0.1 0.2]	[59, 68.28571428571428]
[0.15 0.7  0.05 0.1 ]	[65, 65.94285714285714]
[0.25 0.45 0.1  0.2 ]	[62, 66.49523809523808]
[0.5  0.2  0.15 0.15]	[67, 62.15238095238096]
[0.7  0.05 0.2  0.05]	[77, 58.46666666666667]
[0.1  0.3  0.35 0.25]	[53, 70.58095238095238]
[0.15 0.25 0.4  0.2 ]	[55, 70.37142857142857]
[0.1  0.2  0.25 0.45]	[50, 73.11428571428571]
[0.25 0.1  0.4  0.25]	[55, 70.3047619047619]
[0.4  0.25 0.3  0.05]	[67, 62.66666666666666]
[0.15 0.6  0.05 0.2 ]	[61, 67.29523809523809]
[0.4 0.2 0.2 0.2]	[63, 65.18095238095239]
[0.25 0.55 0.1  0.1 ]	[67, 64.75238095238095]
[0.2  0.25 0.1  0.45]	[52, 69.80000000000001]
[0.05 0.1  0.45 0.4 ]	[48, 72.54285714285714]
[0.5  0.05 0.15 0.3 ]	[62, 65.17142857142858]
[0.2  0.3  0.35 0.15]	[59, 69.37142857142857]
[0.25 0.05 0.6  0.1 ]	[56, 68.97142857142858]
[0.15 0.5  0.25 0.1 ]	[61, 67.83809523809524]
[0.2  0.2  0.05 0.55]	[51, 71.04761904761904]
[0.65 0.1  0.05 0.2 ]	[70, 59.36190476190476]
[0.25 0.35 0.25 0.15]	[61, 67.4095238095238]
[0.25 0.05 0.6  0.1 ]	[57, 69.06666666666666]
[0.35 0.25 0.15 0.25]	[60, 66.29523809523809]
[0.05 0.5  0.05 0.4 ]	[52, 70.20952380952382]
[0.65 0.05 0.25 0.05]	[74, 61.152380952380945]
[0.65 0.15 0.1  0.1 ]	[77, 60.24761904761905]
[4.16333634e-17 4.50000000e-01 5.00000000e-01 5.00000000e-02]	[57, 70.19047619047619]
[0.05 0.15 0.65 0.15]	[52, 72.63809523809523]
[0.1  0.55 0.25 0.1 ]	[61, 68.64761904761905]
[0.25 0.2  0.4  0.15]	[59, 68.28571428571428]
[0.05 0.45 0.4  0.1 ]	[57, 68.92380952380954]
[0.05 0.4  0.05 0.5 ]	[50, 72.35238095238094]
[0.05 0.1  0.2  0.65]	[45, 73.68571428571428]
[0.15 0.05 0.1  0.7 ]	[46, 73.8952380952381]
[0.35 0.1  0.35 0.2 ]	[57, 64.41904761904762]
