Run Start Time: Mon Nov 20 14:51:51 2023
11
1.5
[41, 60.78]
1.6
[39, 61.17]
1.7000000000000002
[38, 64.9]
1.8000000000000003
[36, 66.57]
1.9000000000000004
[35, 67.03]
2.0000000000000004
[34, 67.86]
2.1000000000000005
[33, 69.42]
2.2000000000000006
[32, 69.07]
2.3000000000000007
[31, 71.27]
2.400000000000001
[30, 70.76]
2.500000000000001
[29, 73.46]
2.600000000000001
[27, 71.58]
2.700000000000001
[26, 69.29]
2.800000000000001
[25, 71.18]
2.9000000000000012
[25, 72.88]
3.0000000000000013
[23, 70.11]
3.1000000000000014
[23, 73.24]
3.2000000000000015
[23, 74.48]
3.3000000000000016
[22, 71.81]
3.4000000000000017
[22, 73.09]
