Run Start Time: Thu Aug 10 19:42:55 2023
[0.05 0.55 0.25 0.15]	[58, 69.80952380952381]
[0.7  0.05 0.1  0.15]	[73, 58.76190476190476]
[0.1  0.15 0.65 0.1 ]	[54, 70.36190476190475]
[0.3  0.1  0.55 0.05]	[59, 66.17142857142856]
[0.55 0.1  0.1  0.25]	[64, 61.93333333333333]
[0.05 0.35 0.5  0.1 ]	[56, 70.66666666666667]
[0.05 0.1  0.35 0.5 ]	[47, 74.33333333333333]
[0.05 0.45 0.4  0.1 ]	[58, 70.12380952380953]
[0.05 0.4  0.15 0.4 ]	[52, 71.98095238095237]
[0.1 0.2 0.4 0.3]	[51, 70.96190476190478]
[0.25 0.1  0.3  0.35]	[53, 70.71428571428572]
[0.25 0.25 0.05 0.45]	[55, 70.33333333333333]
[0.15 0.25 0.1  0.5 ]	[50, 70.92380952380952]
[0.3 0.1 0.3 0.3]	[56, 69.57142857142857]
[0.35 0.1  0.1  0.45]	[53, 67.00952380952381]
[0.45 0.25 0.25 0.05]	[68, 62.104761904761894]
[0.5 0.1 0.2 0.2]	[65, 64.6857142857143]
[0.25 0.2  0.35 0.2 ]	[57, 67.98095238095237]
[0.1  0.15 0.6  0.15]	[53, 71.44761904761904]
[0.35 0.4  0.2  0.05]	[69, 63.53333333333333]
[0.3 0.3 0.1 0.3]	[58, 68.22857142857143]
[0.25 0.15 0.05 0.55]	[51, 70.93333333333334]
[0.35 0.15 0.15 0.35]	[56, 68.06666666666666]
[0.4  0.1  0.15 0.35]	[57, 65.73333333333333]
[0.4 0.4 0.1 0.1]	[71, 64.01904761904763]
[0.45 0.25 0.25 0.05]	[70, 62.752380952380946]
[0.35 0.1  0.05 0.5 ]	[53, 69.71428571428572]
[0.2  0.1  0.55 0.15]	[55, 69.8952380952381]
[0.15 0.05 0.75 0.05]	[54, 69.33333333333334]
[0.45 0.05 0.2  0.3 ]	[59, 66.22857142857144]
[0.7  0.05 0.1  0.15]	[72, 59.542857142857144]
[0.05 0.55 0.1  0.3 ]	[55, 69.92380952380952]
[0.2  0.45 0.15 0.2 ]	[60, 65.16190476190476]
[0.1  0.35 0.45 0.1 ]	[57, 69.1142857142857]
[0.15 0.65 0.1  0.1 ]	[63, 65.42857142857143]
[0.1  0.25 0.25 0.4 ]	[51, 71.1047619047619]
[0.15 0.45 0.25 0.15]	[61, 69.80952380952381]
[0.05 0.4  0.2  0.35]	[52, 71.2095238095238]
[0.1  0.25 0.35 0.3 ]	[52, 71.07619047619048]
[0.3 0.3 0.2 0.2]	[61, 66.91428571428571]
[0.5  0.35 0.05 0.1 ]	[72, 59.98095238095238]
[0.2  0.25 0.05 0.5 ]	[52, 70.91428571428571]
[0.45 0.05 0.15 0.35]	[58, 66.55238095238096]
[0.3  0.15 0.45 0.1 ]	[61, 67.68571428571428]
[0.05 0.35 0.4  0.2 ]	[53, 69.71428571428572]
[0.45 0.05 0.45 0.05]	[65, 65.22857142857143]
[0.25 0.1  0.05 0.6 ]	[49, 70.82857142857144]
[0.1  0.25 0.1  0.55]	[49, 73.19047619047619]
[0.4  0.05 0.45 0.1 ]	[61, 65.11428571428571]
[0.1  0.05 0.2  0.65]	[45, 72.11428571428571]
[0.3  0.1  0.45 0.15]	[58, 68.16190476190475]
[0.35 0.2  0.3  0.15]	[60, 64.09523809523809]
[0.45 0.05 0.3  0.2 ]	[60, 64.10476190476192]
[0.05 0.4  0.15 0.4 ]	[50, 70.22857142857143]
[0.2  0.25 0.4  0.15]	[58, 68.42857142857143]
[0.15 0.3  0.25 0.3 ]	[54, 68.79047619047618]
[0.15 0.2  0.55 0.1 ]	[56, 69.90476190476191]
[0.2  0.15 0.45 0.2 ]	[54, 67.4952380952381]
[0.3 0.2 0.3 0.2]	[59, 67.92380952380952]
[0.25 0.25 0.15 0.35]	[55, 68.96190476190476]
[0.15 0.1  0.4  0.35]	[51, 71.57142857142857]
[0.1  0.25 0.5  0.15]	[55, 71.42857142857143]
[0.25 0.05 0.1  0.6 ]	[49, 71.84761904761905]
[0.4  0.15 0.4  0.05]	[65, 66.0952380952381]
[0.2 0.4 0.2 0.2]	[59, 68.16190476190475]
[0.05 0.1  0.7  0.15]	[51, 71.5047619047619]
[0.45 0.05 0.25 0.25]	[60, 65.26666666666668]
[0.05 0.15 0.4  0.4 ]	[49, 74.25714285714285]
[0.25 0.05 0.1  0.6 ]	[49, 71.37142857142858]
[0.85 0.05 0.05 0.05]	[89, 54.333333333333336]
[0.05 0.45 0.05 0.45]	[52, 71.93333333333334]
[0.2  0.5  0.25 0.05]	[65, 66.82857142857142]
[0.05 0.55 0.3  0.1 ]	[58, 68.67619047619048]
[0.25 0.65 0.05 0.05]	[70, 63.23809523809525]
[0.5  0.2  0.25 0.05]	[71, 63.10476190476191]
[0.3  0.05 0.35 0.3 ]	[54, 67.82857142857142]
[0.25 0.55 0.1  0.1 ]	[67, 64.6190476190476]
[0.35 0.05 0.05 0.55]	[51, 66.95238095238095]
[0.1  0.25 0.1  0.55]	[49, 73.12380952380953]
[0.05 0.1  0.05 0.8 ]	[43, 74.73333333333333]
[0.15 0.45 0.1  0.3 ]	[56, 68.14285714285714]
[0.05 0.05 0.6  0.3 ]	[49, 74.13333333333334]
[0.4  0.15 0.25 0.2 ]	[61, 66.56190476190477]
[0.25 0.5  0.1  0.15]	[64, 64.98095238095239]
[0.5  0.05 0.25 0.2 ]	[64, 64.56190476190477]
[0.1  0.1  0.65 0.15]	[52, 71.22857142857143]
[0.1  0.45 0.4  0.05]	[60, 68.0952380952381]
[0.15 0.3  0.35 0.2 ]	[56, 70.2952380952381]
[0.05 0.3  0.05 0.6 ]	[47, 73.29523809523809]
[0 0.45 0.45 0.1]	[55, 70.20952380952382]
[0.05 0.15 0.45 0.35]	[49, 73.3047619047619]
[0.15 0.1  0.4  0.35]	[50, 71.06666666666666]
[0.05 0.75 0.05 0.15]	[61, 67.4095238095238]
[0.55 0.25 0.05 0.15]	[71, 61.02857142857143]
[0.1  0.55 0.15 0.2 ]	[59, 69.17142857142858]
[0.1  0.55 0.3  0.05]	[62, 67.56190476190476]
[0.35 0.1  0.5  0.05]	[62, 65.8952380952381]
[0.55 0.15 0.05 0.25]	[66, 63.12380952380953]
[0.1  0.35 0.5  0.05]	[58, 69.65714285714286]
[0.4  0.35 0.15 0.1 ]	[69, 63.42857142857142]
[0.1  0.35 0.15 0.4 ]	[53, 71.77142857142857]
[0.2  0.25 0.2  0.35]	[53, 68.78095238095237]
[0.8  0.05 0.05 0.1 ]	[82, 57.01904761904761]
[0.1  0.7  0.05 0.15]	[61, 66.17142857142856]
[0.2  0.3  0.35 0.15]	[58, 67.53333333333333]
[0.05 0.5  0.4  0.05]	[59, 69.4952380952381]
[0.3 0.3 0.2 0.2]	[61, 66.06666666666668]
[0.4  0.1  0.35 0.15]	[60, 65.11428571428571]
[0.25 0.35 0.3  0.1 ]	[62, 65.47619047619048]
[0.1  0.15 0.55 0.2 ]	[53, 72.24761904761905]
[0.7  0.1  0.15 0.05]	[78, 57.85714285714286]
[0.15 0.4  0.4  0.05]	[61, 68.64761904761905]
[0.7  0.15 0.05 0.1 ]	[79, 57.16190476190477]
[0.55 0.1  0.25 0.1 ]	[70, 62.51428571428571]
[0.45 0.05 0.1  0.4 ]	[57, 66.13333333333333]
[0.1  0.5  0.35 0.05]	[61, 67.92380952380952]
[0.3  0.25 0.35 0.1 ]	[61, 65.94285714285714]
[0.1  0.35 0.45 0.1 ]	[57, 68.46666666666667]
[0.25 0.45 0.1  0.2 ]	[61, 66.43809523809524]
[0.45 0.1  0.4  0.05]	[66, 64.73333333333333]
[0.35 0.5  0.1  0.05]	[71, 63.34285714285714]
[0.2  0.45 0.05 0.3 ]	[57, 66.4857142857143]
[0.25 0.2  0.35 0.2 ]	[57, 67.41904761904762]
[0.05 0.1  0.5  0.35]	[48, 71.66666666666667]
[0.1  0.3  0.25 0.35]	[52, 71.1047619047619]
[0.1  0.7  0.05 0.15]	[61, 66.55238095238096]
[0.4  0.05 0.3  0.25]	[58, 66.86666666666666]
[0.1 0.3 0.5 0.1]	[56, 70.13333333333334]
[0.35 0.1  0.25 0.3 ]	[54, 64.88571428571429]
[0.4  0.15 0.25 0.2 ]	[61, 66.62857142857142]
[0.2  0.5  0.05 0.25]	[60, 66.56190476190477]
[0.1  0.3  0.45 0.15]	[56, 71.23809523809524]
[0.1  0.2  0.15 0.55]	[48, 71.60952380952381]
[0.2  0.65 0.05 0.1 ]	[66, 64.17142857142856]
[0.05 0.05 0.15 0.75]	[43, 74.45714285714287]
[0.2  0.2  0.05 0.55]	[50, 71.16190476190476]
[0.2  0.2  0.05 0.55]	[50, 70.25714285714285]
[0.4  0.25 0.3  0.05]	[68, 64.2952380952381]
[0.3  0.25 0.15 0.3 ]	[58, 68.64761904761905]
[0.1  0.15 0.55 0.2 ]	[53, 71.81904761904761]
[0.45 0.05 0.25 0.25]	[60, 64.6190476190476]
[0.15 0.35 0.05 0.45]	[52, 70.9047619047619]
[0.6  0.3  0.05 0.05]	[79, 58.76190476190476]
[0.05 0.05 0.25 0.65]	[44, 73.83809523809524]
[0.55 0.1  0.05 0.3 ]	[62, 61.71428571428571]
[0.15 0.45 0.1  0.3 ]	[57, 67.98095238095237]
[0.1  0.25 0.5  0.15]	[54, 69.26666666666667]
[0.1 0.4 0.1 0.4]	[52, 70.62857142857143]
[0.15 0.2  0.25 0.4 ]	[50, 70.67619047619047]
[0.1  0.35 0.5  0.05]	[58, 69.24761904761905]
[0.2 0.1 0.4 0.3]	[53, 70.35238095238095]
[0.7  0.05 0.1  0.15]	[74, 59.63809523809523]
[0.25 0.1  0.1  0.55]	[51, 70.22857142857143]
[0.2  0.25 0.5  0.05]	[59, 68.48571428571428]
[0.45 0.05 0.25 0.25]	[61, 66.66666666666666]
[0.3 0.2 0.4 0.1]	[61, 66.63809523809525]
[0.25 0.35 0.25 0.15]	[61, 67.56190476190476]
[0.15 0.5  0.25 0.1 ]	[62, 66.83809523809524]
[0.05 0.2  0.1  0.65]	[46, 74.71428571428572]
[0.25 0.3  0.05 0.4 ]	[55, 68.85714285714285]
[0.1  0.3  0.45 0.15]	[55, 70.6]
[0.3  0.35 0.2  0.15]	[62, 64.23809523809524]
[0.65 0.1  0.05 0.2 ]	[71, 60.390476190476186]
[0.2  0.15 0.35 0.3 ]	[54, 69.44761904761904]
[0.05 0.3  0.05 0.6 ]	[48, 73.09523809523809]
[0.5  0.05 0.3  0.15]	[65, 66.05714285714286]
[0.05 0.1  0.75 0.1 ]	[52, 72.39999999999999]
[0.25 0.2  0.45 0.1 ]	[59, 68.19999999999999]
[0.35 0.35 0.25 0.05]	[68, 64.21904761904761]
[0.15 0.55 0.05 0.25]	[58, 66.89523809523808]
[0.8  0.05 0.05 0.1 ]	[81, 56.352380952380955]
[0.3  0.4  0.25 0.05]	[66, 65.18095238095239]
[0.45 0.05 0.3  0.2 ]	[60, 64.1904761904762]
[0.45 0.05 0.4  0.1 ]	[62, 63.771428571428565]
[0.3 0.5 0.1 0.1]	[67, 63.8095238095238]
[0.6  0.1  0.25 0.05]	[73, 60.76190476190476]
[0.3  0.35 0.2  0.15]	[63, 66.5047619047619]
[0.15 0.75 0.05 0.05]	[68, 64.94285714285714]
[0.35 0.25 0.1  0.3 ]	[59, 66.07619047619048]
[0.05 0.5  0.2  0.25]	[56, 71.01904761904761]
[0.3  0.05 0.2  0.45]	[52, 68.87619047619047]
[0.35 0.3  0.2  0.15]	[64, 65.58095238095238]
[0.35 0.25 0.25 0.15]	[64, 65.26666666666668]
[0.2  0.25 0.3  0.25]	[55, 69.01904761904761]
[0.1 0.2 0.5 0.2]	[53, 71.16190476190476]
[0.5  0.05 0.25 0.2 ]	[63, 64.83809523809524]
[0.7  0.1  0.15 0.05]	[79, 57.54285714285714]
[0.6 0.1 0.1 0.2]	[68, 62.238095238095234]
[0.35 0.15 0.25 0.25]	[59, 67.61904761904762]
[0.05 0.1  0.65 0.2 ]	[51, 72.37142857142857]
[0.5  0.1  0.15 0.25]	[63, 63.98095238095238]
[0.35 0.4  0.15 0.1 ]	[67, 63.0]
[0.2  0.05 0.25 0.5 ]	[50, 72.39047619047619]
[0.05 0.15 0.2  0.6 ]	[46, 74.24761904761904]
[0.05 0.25 0.1  0.6 ]	[46, 72.47619047619047]
[0.1  0.45 0.35 0.1 ]	[59, 68.96190476190476]
[0.15 0.4  0.05 0.4 ]	[53, 69.54285714285714]
[0.3  0.2  0.45 0.05]	[61, 66.76190476190476]
[0.1  0.1  0.55 0.25]	[51, 72.0]
[0.15 0.25 0.2  0.4 ]	[52, 71.34285714285714]
