Run Start Time: Mon Aug  7 09:47:46 2023
[0.2  0.05 0.55 0.2 ]	[54, 70.31428571428572]
[0.35 0.2  0.1  0.35]	[57, 66.02857142857142]
[0.05 0.25 0.35 0.35]	[50, 70.96190476190478]
[0.25 0.15 0.35 0.25]	[55, 67.34285714285714]
[0.1  0.65 0.05 0.2 ]	[60, 66.45714285714286]
[0.45 0.15 0.15 0.25]	[61, 62.96190476190476]
[0.05 0.2  0.25 0.5 ]	[47, 71.56190476190476]
[0.3  0.55 0.05 0.1 ]	[68, 62.64761904761905]
[0.35 0.05 0.35 0.25]	[58, 68.16190476190475]
[0.1 0.2 0.6 0.1]	[55, 70.35238095238095]
[0.25 0.05 0.25 0.45]	[51, 70.41904761904762]
[0.5 0.1 0.1 0.3]	[61, 63.209523809523816]
[0.6  0.05 0.15 0.2 ]	[67, 62.104761904761894]
[0.45 0.1  0.25 0.2 ]	[63, 65.64761904761906]
[0.25 0.15 0.5  0.1 ]	[59, 68.76190476190477]
[0.35 0.1  0.15 0.4 ]	[54, 66.89523809523808]
[0.3  0.15 0.2  0.35]	[55, 67.46666666666667]
[0.75 0.1  0.05 0.1 ]	[0.1  0.25 0.35 0.3 ]	[52, 70.20952380952382]
[0.1  0.3  0.55 0.05]	[57, 69.32380952380953]
[0.3  0.1  0.25 0.35]	[55, 68.54285714285714]
[0.15 0.35 0.15 0.35]	[54, 67.82857142857142]
[0.25 0.2  0.45 0.1 ]	[59, 66.32380952380953]
[0.2 0.2 0.2 0.4]	[52, 35.114285714285714]
[0.3  0.35 0.25 0.1 ]	[62, 63.647619047619045]
[0.05 0.5  0.15 0.3 ]	[54, 68.66666666666667]
[0.2  0.1  0.25 0.45]	[50, 69.95238095238095]
[0.05 0.2  0.45 0.3 ]	[51, 72.77142857142856]
[0.05 0.25 0.55 0.15]	[53, 70.57142857142857]
[5.55111512e-17 4.50000000e-01 2.50000000e-01 3.00000000e-01]	[52, 70.00952380952381]
[0.45 0.3  0.05 0.2 ]	[65, 61.590476190476195]
[0.15 0.75 0.05 0.05]	[67, 63.94285714285714]
[0.1  0.1  0.55 0.25]	[51, 71.28571428571429]
[0.05 0.35 0.4  0.2 ]	[55, 70.76190476190476]
[0.4  0.15 0.4  0.05]	[64, 63.89523809523809]
[0.55 0.1  0.1  0.25]	[65, 63.79999999999999]
[0.4 0.3 0.2 0.1]	[66, 62.72380952380953]
[0.15 0.5  0.2  0.15]	[59, 66.77142857142857]
[0.05 0.4  0.35 0.2 ]	[55, 70.54285714285714]
[0.3  0.1  0.25 0.35]	[55, 68.77142857142856]
[0.2  0.35 0.35 0.1 ]	[60, 66.43809523809524]
[0.5  0.25 0.1  0.15]	[69, 61.885714285714286]
[0.1 0.1 0.5 0.3]	[50, 71.77142857142857]
[0.35 0.3  0.25 0.1 ]	[65, 64.63809523809523]
[0.1  0.15 0.05 0.7 ]	[44, 56.55238095238096]
[0.45 0.35 0.15 0.05]	[72, 61.56190476190476]
[0.1  0.65 0.05 0.2 ]	[59, 66.19047619047619]
[0.05 0.05 0.8  0.1 ]	[51, 37.238095238095234]
[0.1  0.05 0.45 0.4 ]	[48, 71.41904761904762]
[0.1  0.15 0.7  0.05]	[55, 69.48571428571428]
[0.2  0.55 0.2  0.05]	