Run Start Time: Fri Nov 10 10:17:20 2023
[0.1  0.35 0.25 0.3 ]	[52, 69.4095238095238]
[0.05 0.4  0.25 0.3 ]	[53, 70.95238095238095]
[0.55 0.15 0.1  0.2 ]	[67, 61.56190476190476]
[0.35 0.1  0.5  0.05]	[62, 65.88571428571429]
[0.45 0.2  0.3  0.05]	[68, 63.26666666666667]
[0.1  0.45 0.4  0.05]	[60, 68.06666666666666]
[0.45 0.3  0.15 0.1 ]	[68, 62.38095238095238]
[0.15 0.6  0.1  0.15]	[63, 67.73333333333333]
[0.05 0.5  0.05 0.4 ]	[52, 70.06666666666665]
[0.3  0.05 0.45 0.2 ]	[57, 68.3047619047619]
[0.2  0.35 0.1  0.35]	[55, 68.76190476190477]
[0.05 0.1  0.55 0.3 ]	[49, 73.5047619047619]
[0.5  0.25 0.15 0.1 ]	[72, 62.99047619047619]
[0.3  0.4  0.15 0.15]	[63, 65.77142857142857]
[0.15 0.2  0.25 0.4 ]	[51, 70.01904761904761]
[0.4  0.2  0.35 0.05]	[67, 64.63809523809523]
[0.05 0.05 0.8  0.1 ]	[51, 71.62857142857142]
[0.45 0.4  0.05 0.1 ]	[71, 61.48571428571429]
[0.15 0.25 0.55 0.05]	[58, 69.39047619047619]
[0.2 0.3 0.2 0.3]	[55, 69.63809523809525]
[0.2  0.1  0.45 0.25]	[54, 69.97142857142858]
[0.05 0.2  0.5  0.25]	[51, 71.76190476190476]
[0.15 0.05 0.5  0.3 ]	[51, 71.58095238095238]
[0.05 0.35 0.5  0.1 ]	[55, 70.21904761904763]
[0.35 0.3  0.1  0.25]	[62, 64.94285714285714]
[0.45 0.25 0.05 0.25]	[64, 64.12380952380953]
[0.6  0.25 0.05 0.1 ]	[76, 59.857142857142854]
[0.05 0.25 0.45 0.25]	[51, 70.1047619047619]
[0.25 0.35 0.3  0.1 ]	[62, 65.64761904761906]
[0.15 0.1  0.45 0.3 ]	[51, 69.83809523809524]
[0.35 0.1  0.35 0.2 ]	[59, 67.3904761904762]
[0.4  0.25 0.05 0.3 ]	[60, 64.16190476190476]
[0.1  0.05 0.3  0.55]	[46, 73.27619047619048]
[0.65 0.1  0.1  0.15]	[73, 59.36190476190476]
[0.05 0.3  0.3  0.35]	[51, 70.97142857142856]
[0.3  0.25 0.3  0.15]	[61, 67.31428571428572]
[0.15 0.1  0.6  0.15]	[54, 70.19999999999999]
[0.2  0.45 0.1  0.25]	[59, 67.52380952380953]
[0.15 0.55 0.2  0.1 ]	[62, 66.11428571428571]
[0.45 0.25 0.2  0.1 ]	[67, 62.48571428571429]
[0.35 0.15 0.35 0.15]	[60, 65.57142857142857]
[0.2  0.25 0.1  0.45]	[53, 71.02857142857142]
[0.1  0.45 0.2  0.25]	[55, 68.56190476190476]
[0.4  0.15 0.4  0.05]	[65, 65.14285714285715]
[0 0.45 0.3 0.25]	[53, 71.35238095238095]
[0.2 0.2 0.4 0.2]	[56, 69.72380952380952]
[0.3  0.25 0.35 0.1 ]	[62, 66.25714285714285]
[0.2  0.25 0.2  0.35]	[54, 68.57142857142857]
[0.05 0.15 0.05 0.75]	[44, 74.86666666666667]
[0.1  0.25 0.25 0.4 ]	[51, 71.77142857142857]
[0.85 0.05 0.05 0.05]	[87, 53.15238095238095]
[0.4  0.2  0.35 0.05]	[66, 63.323809523809516]
[0.05 0.05 0.7  0.2 ]	[50, 73.78095238095239]
[0.05 0.1  0.7  0.15]	[51, 71.61904761904762]
[0.4  0.3  0.05 0.25]	[63, 65.46666666666667]
[0.05 0.3  0.2  0.45]	[50, 73.52380952380952]
[0.05 0.25 0.65 0.05]	[55, 71.47619047619047]
[0.55 0.15 0.05 0.25]	[66, 63.771428571428565]
[0.1  0.15 0.7  0.05]	[55, 71.1047619047619]
[0.15 0.15 0.3  0.4 ]	[50, 71.94285714285715]
[0.45 0.45 0.05 0.05]	[75, 60.952380952380956]
[0.05 0.25 0.2  0.5 ]	[48, 71.93333333333334]
[0.1 0.2 0.4 0.3]	[51, 69.57142857142857]
[0.15 0.4  0.3  0.15]	[58, 68.26666666666668]
[0.1 0.6 0.1 0.2]	[59, 68.28571428571428]
[0.15 0.7  0.05 0.1 ]	[65, 65.94285714285714]
[0.25 0.45 0.1  0.2 ]	[62, 66.49523809523808]
[0.5  0.2  0.15 0.15]	[67, 62.15238095238096]
[0.7  0.05 0.2  0.05]	[77, 58.46666666666667]
[0.1  0.3  0.35 0.25]	[53, 70.58095238095238]
[0.15 0.25 0.4  0.2 ]	[55, 70.37142857142857]
[0.1  0.2  0.25 0.45]	[50, 73.11428571428571]
[0.25 0.1  0.4  0.25]	[55, 70.3047619047619]
[0.4  0.25 0.3  0.05]	[67, 62.66666666666666]
[0.15 0.6  0.05 0.2 ]	[61, 67.29523809523809]
[0.4 0.2 0.2 0.2]	[63, 65.18095238095239]
[0.25 0.55 0.1  0.1 ]	[67, 64.75238095238095]
[0.2  0.25 0.1  0.45]	[52, 69.80000000000001]
[0.05 0.1  0.45 0.4 ]	[48, 72.54285714285714]
[0.5  0.05 0.15 0.3 ]	[62, 65.17142857142858]
[0.2  0.3  0.35 0.15]	[59, 69.37142857142857]
[0.25 0.05 0.6  0.1 ]	[56, 68.97142857142858]
[0.15 0.5  0.25 0.1 ]	[61, 67.83809523809524]
[0.2  0.2  0.05 0.55]	[51, 71.04761904761904]
[0.65 0.1  0.05 0.2 ]	[70, 59.36190476190476]
[0.25 0.35 0.25 0.15]	[61, 67.4095238095238]
[0.25 0.05 0.6  0.1 ]	[57, 69.06666666666666]
[0.35 0.25 0.15 0.25]	[60, 66.29523809523809]
[0.05 0.5  0.05 0.4 ]	[52, 70.20952380952382]
[0.65 0.05 0.25 0.05]	[74, 61.152380952380945]
[0.65 0.15 0.1  0.1 ]	[77, 60.24761904761905]
[0 0.45 0.5 0.05]	[57, 70.19047619047619]
[0.05 0.15 0.65 0.15]	[52, 72.63809523809523]
[0.1  0.55 0.25 0.1 ]	[61, 68.64761904761905]
[0.25 0.2  0.4  0.15]	[59, 68.28571428571428]
[0.05 0.45 0.4  0.1 ]	[57, 68.92380952380954]
[0.05 0.4  0.05 0.5 ]	[50, 72.35238095238094]
[0.05 0.1  0.2  0.65]	[45, 73.68571428571428]
[0.15 0.05 0.1  0.7 ]	[46, 73.8952380952381]
[0.35 0.1  0.35 0.2 ]	[57, 64.41904761904762]
[0.05 0.05 0.45 0.45]	[47, 74.33333333333333]
[0.3  0.25 0.4  0.05]	[63, 66.12380952380953]
[0.35 0.15 0.4  0.1 ]	[61, 66.11428571428571]
[0.45 0.25 0.1  0.2 ]	[66, 65.78095238095237]
[0.05 0.25 0.65 0.05]	[55, 71.66666666666667]
[0.05 0.15 0.25 0.55]	[46, 74.04761904761905]
[0.6  0.1  0.15 0.15]	[69, 61.076190476190476]
[0.05 0.35 0.5  0.1 ]	[56, 71.41904761904762]
[0.1  0.3  0.05 0.55]	[50, 73.33333333333333]
[0.1  0.35 0.45 0.1 ]	[57, 68.19999999999999]
[0.25 0.2  0.45 0.1 ]	[59, 68.0952380952381]
[0.1  0.1  0.65 0.15]	[53, 72.22857142857143]
[0.2  0.05 0.15 0.6 ]	[48, 71.05714285714285]
[0.1  0.5  0.05 0.35]	[54, 67.6952380952381]
[0.2  0.45 0.25 0.1 ]	[62, 66.77142857142857]
[0.3  0.05 0.05 0.6 ]	[50, 70.58095238095238]
[0.05 0.35 0.15 0.45]	[50, 72.22857142857143]
[0.3 0.2 0.1 0.4]	[55, 68.98095238095239]
[0.25 0.1  0.35 0.3 ]	[54, 68.63809523809523]
[0.25 0.05 0.05 0.65]	[48, 70.71428571428572]
[0.25 0.05 0.15 0.55]	[49, 71.11428571428571]
[0.25 0.35 0.2  0.2 ]	[61, 68.10476190476192]
[0.3  0.1  0.15 0.45]	[53, 70.39047619047619]
[0.35 0.25 0.05 0.35]	[59, 68.41904761904762]
[0.6  0.15 0.05 0.2 ]	[69, 61.52380952380951]
[0.1  0.8  0.05 0.05]	[67, 65.37142857142857]
[0.15 0.3  0.3  0.25]	[55, 71.04761904761904]
[0.5  0.3  0.15 0.05]	[73, 59.8095238095238]
[0.25 0.15 0.35 0.25]	[55, 68.39999999999999]
[0.35 0.15 0.4  0.1 ]	[62, 65.44761904761904]
[0.75 0.15 0.05 0.05]	[84, 56.695238095238096]
[0.25 0.25 0.4  0.1 ]	[61, 68.22857142857143]
[0.2 0.1 0.1 0.6]	[48, 70.5047619047619]
[0.2  0.1  0.05 0.65]	[48, 71.42857142857143]
[0.3  0.25 0.15 0.3 ]	[58, 67.81904761904761]
[0.25 0.2  0.1  0.45]	[53, 70.04761904761905]
[0.25 0.35 0.1  0.3 ]	[58, 67.18095238095239]
[0.1  0.2  0.35 0.35]	[50, 71.54285714285716]
[0.65 0.25 0.05 0.05]	[81, 58.1047619047619]
[0.4  0.35 0.2  0.05]	[69, 63.10476190476191]
[0.1  0.2  0.65 0.05]	[56, 70.64761904761906]
[0.45 0.45 0.05 0.05]	[74, 60.523809523809526]
[0.2  0.2  0.15 0.45]	[52, 71.17142857142858]
[0.05 0.25 0.05 0.65]	[47, 74.34285714285714]
[0.25 0.2  0.05 0.5 ]	[52, 69.39047619047619]
[0.2  0.05 0.35 0.4 ]	[51, 70.19999999999999]
[0.15 0.25 0.25 0.35]	[53, 71.38095238095238]
[0.35 0.1  0.1  0.45]	[54, 66.63809523809525]
[0.05 0.1  0.55 0.3 ]	[49, 73.72380952380952]
[0.4  0.15 0.05 0.4 ]	[58, 67.16190476190475]
[0.55 0.25 0.05 0.15]	[71, 61.37142857142857]
[0.05 0.3  0.25 0.4 ]	[50, 72.0952380952381]
[0.6  0.15 0.2  0.05]	[75, 60.87619047619047]
[0.2  0.2  0.45 0.15]	[57, 68.5047619047619]
[0.2  0.65 0.1  0.05]	[67, 63.04761904761905]
[0.15 0.4  0.15 0.3 ]	[55, 68.85714285714285]
[0.05 0.65 0.05 0.25]	[58, 69.41904761904763]
[0.3  0.35 0.1  0.25]	[60, 65.77142857142857]
[0.05 0.35 0.3  0.3 ]	[53, 72.37142857142857]
[0.05 0.5  0.4  0.05]	[59, 69.54285714285714]
[0.15 0.05 0.05 0.75]	[45, 73.09523809523809]
[0.3  0.5  0.15 0.05]	[69, 64.34285714285714]
[0.2  0.2  0.55 0.05]	[59, 68.8952380952381]
[0.05 0.1  0.4  0.45]	[48, 74.03809523809524]
[0.3  0.45 0.15 0.1 ]	[67, 64.38095238095237]
[0.35 0.2  0.15 0.3 ]	[57, 64.76190476190476]
[0.55 0.05 0.15 0.25]	[63, 65.18095238095239]
[0.05 0.2  0.25 0.5 ]	[48, 73.00000000000001]
[0.55 0.35 0.05 0.05]	[78, 59.98095238095238]
[0.1 0.3 0.1 0.5]	[51, 71.85714285714286]
[0.35 0.2  0.3  0.15]	[61, 66.38095238095238]
[0.15 0.5  0.05 0.3 ]	[57, 67.48571428571428]
[0.4  0.2  0.25 0.15]	[63, 66.01904761904761]
[0.3  0.3  0.25 0.15]	[60, 64.81904761904762]
[0.1 0.5 0.2 0.2]	[57, 66.72380952380954]
[0.4 0.2 0.2 0.2]	[61, 64.3047619047619]
[0.1  0.45 0.2  0.25]	[56, 69.72380952380952]
[0.05 0.65 0.25 0.05]	[62, 67.4095238095238]
[0.5 0.1 0.2 0.2]	[64, 62.99047619047619]
[0.15 0.2  0.4  0.25]	[54, 70.21904761904763]
[0.05 0.3  0.25 0.4 ]	[50, 72.73333333333333]
[0.2  0.1  0.25 0.45]	[51, 70.46666666666667]
[0.15 0.1  0.25 0.5 ]	[49, 73.44761904761906]
[0.55 0.05 0.2  0.2 ]	[65, 64.0095238095238]
[0.15 0.1  0.4  0.35]	[51, 71.63809523809523]
[0.35 0.4  0.2  0.05]	[68, 63.12380952380953]
[0.35 0.1  0.1  0.45]	[54, 67.77142857142857]
[0.05 0.6  0.3  0.05]	[60, 66.03809523809524]
[0.5  0.2  0.25 0.05]	[70, 61.390476190476186]
[0.05 0.1  0.15 0.7 ]	[44, 75.19047619047619]
[0.1  0.35 0.4  0.15]	[56, 69.91428571428571]
[0.5  0.1  0.05 0.35]	[61, 66.17142857142856]
[0.15 0.3  0.2  0.35]	[54, 70.86666666666666]
[0.05 0.65 0.05 0.25]	[58, 69.0]
[0.05 0.3  0.1  0.55]	[48, 71.82857142857144]
[0.15 0.15 0.35 0.35]	[51, 70.03809523809524]
[0.05 0.05 0.75 0.15]	[51, 72.9904761904762]
[0.2  0.5  0.25 0.05]	[64, 65.25714285714285]
[0.6  0.25 0.1  0.05]	[77, 59.18095238095238]
[0.1 0.2 0.4 0.3]	[52, 71.6952380952381]