Run Start Time: Thu Nov  9 21:26:48 2023
[0.25 0.35 0.2  0.2 ]	[61, 68.10476190476192]
[0.3  0.1  0.15 0.45]	[53, 70.39047619047619]
[0.35 0.25 0.05 0.35]	[59, 68.41904761904762]
[0.6  0.15 0.05 0.2 ]	[69, 61.52380952380951]
[0.1  0.8  0.05 0.05]	[67, 65.37142857142857]
[0.15 0.3  0.3  0.25]	[55, 71.04761904761904]
[0.5  0.3  0.15 0.05]	[73, 59.8095238095238]
[0.25 0.15 0.35 0.25]	[55, 68.39999999999999]
[0.35 0.15 0.4  0.1 ]	[62, 65.44761904761904]
[0.75 0.15 0.05 0.05]	[84, 56.695238095238096]
[0.25 0.25 0.4  0.1 ]	[61, 68.22857142857143]
[0.2 0.1 0.1 0.6]	[48, 70.5047619047619]
[0.2  0.1  0.05 0.65]	[48, 71.42857142857143]
[0.3  0.25 0.15 0.3 ]	[58, 67.81904761904761]
[0.25 0.2  0.1  0.45]	[53, 70.04761904761905]
[0.25 0.35 0.1  0.3 ]	[58, 67.18095238095239]
[0.1  0.2  0.35 0.35]	[50, 71.54285714285716]
[0.65 0.25 0.05 0.05]	[81, 58.1047619047619]
[0.4  0.35 0.2  0.05]	[69, 63.10476190476191]
[0.1  0.2  0.65 0.05]	[56, 70.64761904761906]
[0.45 0.45 0.05 0.05]	[74, 60.523809523809526]
[0.2  0.2  0.15 0.45]	[52, 71.17142857142858]
[0.05 0.25 0.05 0.65]	[47, 74.34285714285714]
[0.25 0.2  0.05 0.5 ]	[52, 69.39047619047619]
[0.2  0.05 0.35 0.4 ]	[51, 70.19999999999999]
[0.15 0.25 0.25 0.35]	[53, 71.38095238095238]
[0.35 0.1  0.1  0.45]	[54, 66.63809523809525]
[0.05 0.1  0.55 0.3 ]	[49, 73.72380952380952]
[0.4  0.15 0.05 0.4 ]	[58, 67.16190476190475]
[0.55 0.25 0.05 0.15]	[71, 61.37142857142857]
[0.05 0.3  0.25 0.4 ]	[50, 72.0952380952381]
[0.6  0.15 0.2  0.05]	[75, 60.87619047619047]
[0.2  0.2  0.45 0.15]	[57, 68.5047619047619]
[0.2  0.65 0.1  0.05]	[67, 63.04761904761905]
[0.15 0.4  0.15 0.3 ]	[55, 68.85714285714285]
[0.05 0.65 0.05 0.25]	[58, 69.41904761904763]
[0.3  0.35 0.1  0.25]	[60, 65.77142857142857]
[0.05 0.35 0.3  0.3 ]	[53, 72.37142857142857]
[0.05 0.5  0.4  0.05]	[59, 69.54285714285714]
[0.15 0.05 0.05 0.75]	[45, 73.09523809523809]
[0.3  0.5  0.15 0.05]	[69, 64.34285714285714]
[0.2  0.2  0.55 0.05]	[59, 68.8952380952381]
[0.05 0.1  0.4  0.45]	[48, 74.03809523809524]
[0.3  0.45 0.15 0.1 ]	[67, 64.38095238095237]
[0.35 0.2  0.15 0.3 ]	[57, 64.76190476190476]
[0.55 0.05 0.15 0.25]	[63, 65.18095238095239]
[0.05 0.2  0.25 0.5 ]	[48, 73.00000000000001]
[0.55 0.35 0.05 0.05]	[78, 59.98095238095238]
[0.1 0.3 0.1 0.5]	[51, 71.85714285714286]
[0.35 0.2  0.3  0.15]	[61, 66.38095238095238]
[0.15 0.5  0.05 0.3 ]	[57, 67.48571428571428]
[0.4  0.2  0.25 0.15]	[63, 66.01904761904761]
[0.3  0.3  0.25 0.15]	[60, 64.81904761904762]
[0.1 0.5 0.2 0.2]	[57, 66.72380952380954]
[0.4 0.2 0.2 0.2]	[61, 64.3047619047619]
[0.1  0.45 0.2  0.25]	[56, 69.72380952380952]
[0.05 0.65 0.25 0.05]	[62, 67.4095238095238]
[0.5 0.1 0.2 0.2]	[64, 62.99047619047619]
[0.15 0.2  0.4  0.25]	[54, 70.21904761904763]
[0.05 0.3  0.25 0.4 ]	[50, 72.73333333333333]
[0.2  0.1  0.25 0.45]	[51, 70.46666666666667]
[0.15 0.1  0.25 0.5 ]	[49, 73.44761904761906]
[0.55 0.05 0.2  0.2 ]	[65, 64.0095238095238]
[0.15 0.1  0.4  0.35]	[51, 71.63809523809523]
[0.35 0.4  0.2  0.05]	[68, 63.12380952380953]
[0.35 0.1  0.1  0.45]	[54, 67.77142857142857]
[0.05 0.6  0.3  0.05]	[60, 66.03809523809524]
[0.5  0.2  0.25 0.05]	[70, 61.390476190476186]
[0.05 0.1  0.15 0.7 ]	[44, 75.19047619047619]
[0.1  0.35 0.4  0.15]	[56, 69.91428571428571]
[0.5  0.1  0.05 0.35]	[61, 66.17142857142856]
[0.15 0.3  0.2  0.35]	[54, 70.86666666666666]
[0.05 0.65 0.05 0.25]	[58, 69.0]
[0.05 0.3  0.1  0.55]	[48, 71.82857142857144]
[0.15 0.15 0.35 0.35]	[51, 70.03809523809524]
[0.05 0.05 0.75 0.15]	[51, 72.9904761904762]
[0.2  0.5  0.25 0.05]	[64, 65.25714285714285]
[0.6  0.25 0.1  0.05]	[77, 59.18095238095238]
[0.1 0.2 0.4 0.3]	[52, 71.6952380952381]
