Run Start Time: Tue Aug  8 09:53:16 2023
[0.5  0.05 0.05 0.4 ]	[59, 65.2761904761905]
[0.8  0.05 0.1  0.05]	[0.3 0.1 0.1 0.5]	[50, 66.41904761904762]
[0.1  0.05 0.8  0.05]	[52, 68.82857142857142]
[0.15 0.15 0.45 0.25]	[52, 69.25714285714287]
[0.15 0.35 0.1  0.4 ]	[53, 69.2952380952381]
[0.6  0.15 0.1  0.15]	[71, 59.73333333333333]
[0.1  0.25 0.15 0.5 ]	[49, 71.53333333333333]
[0.2  0.3  0.45 0.05]	[60, 66.97142857142856]
[0.05 0.1  0.75 0.1 ]	[52, 71.00952380952381]
[0.45 0.3  0.1  0.15]	[68, 61.790476190476184]
[0.3 0.1 0.2 0.4]	    [54, 69.17142857142858]
[0.4  0.2  0.35 0.05]	[66, 64.2952380952381]
[0.1  0.1  0.65 0.15]	[52, 70.20952380952382]
[0.15 0.2  0.15 0.5 ]	[49, 70.65714285714286]
[0.3  0.2  0.05 0.45]	[54, 67.3904761904762]
[0.05 0.15 0.15 0.65]	[45, 71.73333333333332]
[0.1 0.4 0.3 0.2]	    [57, 69.74285714285715]
[0.55 0.3  0.1  0.05]	[76, 59.67619047619047]
[0.6  0.1  0.05 0.25]	[66, 61.18095238095238]
[0.05 0.6  0.2  0.15]	[58, 67.36190476190477]
[0.1 0.7 0.1 0.1]	    [64, 66.52380952380952]
[0.35 0.5  0.05 0.1 ]	[70, 62.95238095238095]
[0.1  0.5  0.05 0.35]	