Run Start Time: Tue Nov  7 19:43:10 2023
[0.15 0.75 0.05 0.05]	2.0	[68, 64.84285714285714]
[0.25 0.6  0.05 0.1 ]	2.0	[67, 63.37142857142858]
[0.35 0.45 0.05 0.15]	2.0	[67, 63.57142857142857]
[0.45 0.3  0.05 0.2 ]	2.0	[65, 63.319047619047616]
[0.55 0.15 0.05 0.25]	2.0	[66, 63.7095238095238]
[6.50000000e-01 1.11022302e-16 5.00000000e-02 3.00000000e-01]	2.0000000000000004	[66, 63.38095238095238]
[0.25 0.55 0.15 0.05]	2.0	[67, 63.51428571428571]
[0.35 0.4  0.15 0.1 ]	2.0	[66, 63.16190476190475]
[0.45 0.25 0.15 0.15]	2.0	[66, 63.06666666666667]
[0.55 0.1  0.15 0.2 ]	1.9999999999999998	[67, 62.82380952380953]
