Run Start Time: Wed Aug 14 17:55:18 2024
[0.45, 0.35, 0.05, 0.15]
[60.35  70.02  78.985 90.645 97.505]	[60.35  67.9   69.38  72.035 73.855]
[ 0.     2.12   9.605 18.61  23.65 ]
[0.35, 0.35, 0.15, 0.15]
[59.265 70.38  80.095 89.795 98.085]	[59.265 69.315 71.845 73.985 76.04 ]
[ 0.     1.065  8.25  15.81  22.045]
[0.35, 0.25, 0.15, 0.25]
[59.81  70.53  79.905 89.97  97.905]	[59.81  69.735 73.085 75.65  77.9  ]
[ 0.     0.795  6.82  14.32  20.005]
[0.3, 0.2, 0.2, 0.3]
[59.88  70.195 79.75  89.995 98.075]	[59.88  70.04  74.735 77.315 78.935]
[ 0.     0.155  5.015 12.68  19.14 ]
[0.25, 0.15, 0.25, 0.35]
[59.51  69.38  80.395 90.34  97.43 ]	[59.51  69.34  76.17  78.425 79.445]
[ 0.     0.04   4.225 11.915 17.985]
Total Runtime	 8419.252951 
