Run Start Time: Fri Nov 24 11:43:05 2023
[0.05 0.05 0.25 0.65]	[55, 76.588]
[0.55 0.2  0.05 0.2 ]	[86, 64.476]
[0.05 0.5  0.2  0.25]	[69, 73.896]
[0.15 0.25 0.3  0.3 ]	[67, 74.09199999999998]
[0.3  0.05 0.4  0.25]	[69, 72.784]
[0.25 0.2  0.45 0.1 ]	[74, 71.94]
[0.05 0.3  0.5  0.15]	[67, 74.38]
[0.25 0.1  0.2  0.45]	[64, 73.164]
[0.3  0.15 0.15 0.4 ]	[68, 71.932]
[0.45 0.3  0.1  0.15]	[85, 66.46799999999999]
[0.4  0.1  0.15 0.35]	[72, 69.636]
[0.15 0.3  0.35 0.2 ]	[70, 72.488]
[0.15 0.4  0.2  0.25]	[70, 71.65599999999999]
[0.35 0.35 0.1  0.2 ]	[80, 68.988]
[0.25 0.1  0.15 0.5 ]	[64, 74.928]
[0.35 0.05 0.2  0.4 ]	[68, 71.872]
[0.05 0.05 0.1  0.8 ]	[53, 76.96799999999999]
[0.45 0.1  0.4  0.05]	[82, 67.776]
[0.1  0.65 0.15 0.1 ]	[78, 70.52000000000001]
[0.15 0.15 0.65 0.05]	[70, 72.896]
[0.05 0.1  0.25 0.6 ]	[56, 77.056]
[0.35 0.25 0.05 0.35]	[72, 69.208]
[0.65 0.05 0.25 0.05]	[92, 63.09600000000001]
[0.35 0.2  0.2  0.25]	[74, 69.988]
[0.05 0.2  0.1  0.65]	[57, 75.988]
[0.2 0.3 0.3 0.2]	[72, 71.296]
[0.05 0.4  0.1  0.45]	[63, 74.33999999999999]
[0.2  0.25 0.35 0.2 ]	[70, 70.764]
[4.16333634e-17 4.50000000e-01 5.00000000e-01 5.00000000e-02]	[71, 74.164]
[0.35 0.35 0.05 0.25]	[78, 68.92399999999999]
[0.15 0.55 0.1  0.2 ]	[75, 69.724]
[0.35 0.1  0.2  0.35]	[69, 71.37599999999999]
[0.45 0.2  0.15 0.2 ]	[80, 67.596]
[0.2  0.05 0.55 0.2 ]	[67, 74.212]
[0.45 0.05 0.35 0.15]	[77, 67.82000000000001]
[0.05 0.05 0.55 0.35]	[60, 77.408]
[0.25 0.55 0.1  0.1 ]	[82, 67.256]
[0.15 0.55 0.2  0.1 ]	[77, 68.592]
[0.1  0.2  0.35 0.35]	[63, 74.47999999999999]
[0.7  0.15 0.05 0.1 ]	[98, 60.248000000000005]
[0.1  0.25 0.35 0.3 ]	[65, 74.75599999999999]
[0.35 0.1  0.25 0.3 ]	[71, 71.492]
[0.45 0.3  0.05 0.2 ]	[83, 66.496]
[0.15 0.2  0.55 0.1 ]	[70, 72.46000000000001]
[0.1 0.4 0.3 0.2]	[70, 72.5]
[0.1  0.35 0.45 0.1 ]	[71, 72.624]
[0.1  0.35 0.3  0.25]	[68, 72.968]
[0.1  0.2  0.15 0.55]	[60, 76.216]
[0.05 0.85 0.05 0.05]	[82, 69.06]
[0.45 0.45 0.05 0.05]	[94, 63.13200000000001]
[0.35 0.2  0.1  0.35]	[72, 70.18799999999999]
[0.35 0.15 0.25 0.25]	[73, 70.50800000000001]
[0.25 0.55 0.1  0.1 ]	[82, 67.74]
[0.65 0.1  0.15 0.1 ]	[93, 63.164]
[0.2  0.7  0.05 0.05]	[86, 66.752]
[0.05 0.1  0.1  0.75]	[54, 77.424]
[0.55 0.1  0.1  0.25]	[81, 66.232]
[0.7  0.05 0.05 0.2 ]	[89, 62.864]
[0.3 0.1 0.4 0.2]	[71, 71.712]
[0.2 0.6 0.1 0.1]	[81, 67.672]
[0.45 0.15 0.05 0.35]	[74, 68.648]
[0.25 0.25 0.45 0.05]	[76, 70.536]
[0.1  0.45 0.3  0.15]	[72, 71.65599999999999]
[0.45 0.15 0.2  0.2 ]	[79, 67.54400000000001]
[0.2  0.15 0.15 0.5 ]	[62, 73.56]
[0.2  0.35 0.3  0.15]	[73, 70.712]
[0.4  0.15 0.25 0.2 ]	[78, 69.964]
[0.4  0.05 0.5  0.05]	[78, 69.396]
[0.35 0.05 0.15 0.45]	[67, 72.456]
[0.4  0.15 0.25 0.2 ]	[76, 68.348]
[0.45 0.3  0.05 0.2 ]	[83, 67.424]
[0.65 0.15 0.05 0.15]	[93, 63.263999999999996]
[0.2  0.25 0.15 0.4 ]	[66, 72.896]
[0.25 0.25 0.35 0.15]	[74, 71.084]
[0.15 0.4  0.25 0.2 ]	[72, 71.78]
[0.2  0.15 0.1  0.55]	[62, 74.62]
[0.1  0.2  0.35 0.35]	[63, 74.14]
[0.05 0.35 0.55 0.05]	[71, 73.98400000000001]
[0.15 0.3  0.05 0.5 ]	[64, 74.904]
[0.35 0.55 0.05 0.05]	[91, 65.692]
[0.45 0.15 0.15 0.25]	[79, 68.324]
[0.35 0.3  0.05 0.3 ]	[76, 70.78]
[0.4  0.2  0.15 0.25]	[76, 68.88]
[0.25 0.1  0.25 0.4 ]	[66, 72.872]
[0.15 0.15 0.35 0.35]	[64, 74.776]
[0.4 0.1 0.2 0.3]	[73, 70.86399999999999]
[0.25 0.25 0.25 0.25]	[71, 71.70400000000001]
[0.45 0.05 0.4  0.1 ]	[79, 67.32000000000001]
[0.05 0.5  0.35 0.1 ]	[72, 71.83999999999999]
[0.35 0.2  0.05 0.4 ]	[70, 69.516]
[0.3  0.35 0.1  0.25]	[75, 68.404]
[0.25 0.3  0.4  0.05]	[77, 69.52000000000001]
[0.15 0.1  0.25 0.5 ]	[61, 74.94400000000002]
[0.25 0.25 0.3  0.2 ]	[72, 70.06]
[0.2  0.5  0.05 0.25]	[74, 70.44]
[0.1 0.1 0.7 0.1]	[67, 75.108]
[0.6  0.3  0.05 0.05]	[99, 61.63999999999999]
[0.45 0.15 0.1  0.3 ]	[76, 68.77600000000001]
[0.15 0.3  0.2  0.35]	[66, 72.228]
[0.1  0.15 0.1  0.65]	[58, 77.244]
