Run Start Time: Sun Nov  5 21:28:14 2023
[0.45, 0.35, 0.05, 0.15]
[65.02  74.72  84.695 94.8   99.505]	[64.6   68.73  70.735 72.72  74.245]
[ 0.42  5.99 13.96 22.08 25.26]
[0.35, 0.35, 0.15, 0.15]
[65.375 74.73  84.795 94.38  99.61 ]	[65.16  70.84  72.795 74.905 75.65 ]
[ 0.215  3.89  12.    19.475 23.96 ]
[0.35, 0.25, 0.15, 0.25]
[65.065 74.5   84.94  95.    99.11 ]	[65.065 71.91  74.52  77.02  77.77 ]
[ 0.    2.59 10.42 17.98 21.34]
[0.3, 0.2, 0.2, 0.3]
[64.51  74.65  84.155 94.395 99.515]	[64.51  73.18  75.735 78.065 79.095]
[ 0.    1.47  8.42 16.33 20.42]
[0.25, 0.15, 0.25, 0.35]
[65.01 75.95 85.55 93.9  99.53]	[65.01  74.49  77.385 78.955 79.73 ]
[ 0.     1.46   8.165 14.945 19.8  ]
Total Runtime	 11198.567776 
