Run Start Time: Sat Nov 25 10:07:11 2023
[0.15 0.1  0.35 0.4 ]	[75, 75.05333333333333]
[0.3  0.55 0.05 0.1 ]	[102, 65.94333333333334]
[0.25 0.05 0.45 0.25]	[82, 73.07333333333334]
[0.3  0.15 0.2  0.35]	[83, 72.36333333333333]
[0.2  0.1  0.35 0.35]	[78, 74.65333333333334]
[0.6 0.1 0.2 0.1]	[107, 64.16666666666667]
[0.3  0.6  0.05 0.05]	[106, 65.57333333333332]
[0.35 0.35 0.15 0.15]	[97, 68.00333333333333]
[0.3  0.05 0.5  0.15]	[87, 71.19666666666666]
[0.1  0.05 0.45 0.4 ]	[72, 76.22]
[0.55 0.15 0.2  0.1 ]	[104, 64.4]
[0.05 0.1  0.1  0.75]	[65, 77.06333333333333]
[0.05 0.1  0.5  0.35]	[73, 76.9]
[0.25 0.15 0.55 0.05]	[88, 71.12]
[0.2  0.7  0.05 0.05]	[103, 67.38666666666666]
[0.05 0.75 0.05 0.15]	[91, 70.22666666666667]
[0.05 0.15 0.7  0.1 ]	[79, 75.41333333333333]
[0.05 0.5  0.35 0.1 ]	[87, 72.03]
[0.3  0.05 0.4  0.25]	[82, 71.03]
[0.2  0.4  0.05 0.35]	[84, 70.81333333333333]
[0.4  0.15 0.35 0.1 ]	[94, 68.15666666666667]
[0.25 0.25 0.1  0.4 ]	[81, 72.05]
[0.25 0.3  0.35 0.1 ]	[92, 70.73333333333332]
[0.25 0.05 0.55 0.15]	[83, 72.10666666666667]
[0.1  0.45 0.05 0.4 ]	[79, 73.24000000000001]
[0.15 0.15 0.1  0.6 ]	[72, 76.67666666666668]
[0.25 0.3  0.15 0.3 ]	[85, 71.10666666666667]
[0.1  0.65 0.05 0.2 ]	[89, 70.07666666666667]
[0.1  0.35 0.3  0.25]	[82, 73.10333333333332]
[0.2  0.05 0.6  0.15]	[81, 73.47333333333333]
[0.55 0.15 0.2  0.1 ]	[105, 64.10666666666667]
[0.35 0.1  0.45 0.1 ]	[90, 68.76666666666668]
[0.25 0.3  0.15 0.3 ]	[85, 71.41999999999999]
[0.2  0.15 0.4  0.25]	[81, 73.62]
[0.05 0.6  0.05 0.3 ]	[83, 72.64333333333333]
[0.45 0.1  0.05 0.4 ]	[85, 68.55666666666667]
[0.05 0.7  0.1  0.15]	[90, 70.04666666666665]
[0.05 0.3  0.3  0.35]	[76, 75.19666666666667]
[0.15 0.2  0.05 0.6 ]	[73, 75.52666666666667]
[0.1  0.1  0.65 0.15]	[78, 74.82333333333332]
[0.1  0.05 0.45 0.4 ]	[72, 75.97666666666667]
[0.15 0.55 0.25 0.05]	[95, 69.97]
[0.45 0.25 0.05 0.25]	[96, 67.21666666666667]
[0.1  0.45 0.4  0.05]	[89, 71.38]
[0.45 0.4  0.1  0.05]	[109, 63.38666666666667]
[0.3  0.2  0.05 0.45]	[81, 71.95666666666666]
[0.05 0.3  0.15 0.5 ]	[73, 76.05000000000001]
[0.05 0.5  0.3  0.15]	[85, 72.71333333333332]
[0.45 0.2  0.3  0.05]	[102, 66.34333333333333]
[0.15 0.2  0.25 0.4 ]	[76, 74.80666666666667]
[0.1 0.2 0.3 0.4]	[74, 74.01666666666668]
[0.1 0.1 0.6 0.2]	[77, 74.36333333333334]
[0.1  0.05 0.15 0.7 ]	[66, 76.58666666666666]
[0.05 0.45 0.05 0.45]	[76, 73.97666666666667]
[0.25 0.4  0.15 0.2 ]	[90, 68.15333333333334]
[0.2  0.3  0.25 0.25]	[85, 72.88]
[0.05 0.6  0.15 0.2 ]	[86, 72.03666666666668]
[0.2  0.1  0.35 0.35]	[77, 72.93333333333334]
[0.15 0.1  0.25 0.5 ]	[73, 75.90666666666667]
[0.4  0.1  0.25 0.25]	[89, 69.85]
[0.1  0.45 0.4  0.05]	[89, 71.94]
[0.35 0.25 0.3  0.1 ]	[94, 68.21333333333332]
[0.05 0.3  0.5  0.15]	[80, 73.23666666666668]
[0.15 0.15 0.2  0.5 ]	[73, 74.92333333333335]
[0.1  0.05 0.15 0.7 ]	[66, 76.85000000000001]
[0.15 0.45 0.35 0.05]	[91, 70.07666666666667]
[0.45 0.2  0.15 0.2 ]	[96, 66.88666666666666]
[0.1  0.35 0.25 0.3 ]	[81, 74.49333333333334]
[0.4  0.35 0.1  0.15]	[101, 67.04333333333334]
[0.2  0.15 0.5  0.15]	[83, 72.56333333333333]
[0.55 0.05 0.05 0.35]	[92, 68.20666666666668]
[0.35 0.05 0.35 0.25]	[84, 70.23]
[0.2  0.6  0.15 0.05]	[100, 68.36333333333333]
[0.2 0.4 0.3 0.1]	[91, 70.22]
[0.25 0.3  0.4  0.05]	[93, 69.46333333333334]
[0.15 0.2  0.45 0.2 ]	[81, 73.59333333333333]
[0.15 0.2  0.2  0.45]	[76, 74.90666666666667]
[0.25 0.4  0.15 0.2 ]	[90, 68.93333333333334]
[0.45 0.05 0.1  0.4 ]	[84, 68.52333333333334]
[0.2  0.25 0.3  0.25]	[83, 72.51333333333334]
[0.1  0.1  0.15 0.65]	[68, 75.38666666666667]
[0.05 0.65 0.1  0.2 ]	[88, 72.13333333333334]
[0.25 0.15 0.1  0.5 ]	[78, 74.72]
[0.25 0.15 0.15 0.45]	[78, 73.18]
[0.2  0.15 0.3  0.35]	[78, 73.6]
[0.4  0.05 0.4  0.15]	[90, 68.67]
[0.15 0.6  0.2  0.05]	[96, 68.70333333333333]
[0.25 0.2  0.35 0.2 ]	[86, 71.95]
[0.25 0.05 0.65 0.05]	[86, 72.38333333333333]
[0.45 0.1  0.25 0.2 ]	[93, 68.25666666666666]
[0.5 0.1 0.2 0.2]	[96, 66.45333333333335]
[0.15 0.3  0.15 0.4 ]	[78, 73.06666666666666]
[0.1  0.35 0.45 0.1 ]	[85, 72.55666666666666]
[0.05 0.4  0.05 0.5 ]	[75, 75.1]
[0.1  0.7  0.15 0.05]	[96, 68.37]
[0.3  0.05 0.5  0.15]	[85, 71.50666666666667]
[0.1  0.35 0.1  0.45]	[77, 74.26333333333332]
[0.1  0.3  0.25 0.35]	[78, 74.54333333333332]
[0.1 0.7 0.1 0.1]	[94, 69.42333333333333]
[0.15 0.45 0.05 0.35]	[83, 72.69666666666666]
