Run Start Time: Sun Sep 17 15:49:00 2023
[0.25, 0.25, 0.25, 0.25]
[61.74761905 71.34761905 81.24285714 90.05238095 94.64285714]	
[61.74761905 69.77619048 72.53333333 74.1952381  74.81904762]

[0.2, 0.2, 0.3, 0.3]
[61.81428571 71.79047619 80.5        89.41904762 94.75238095]	
[61.81428571 70.54285714 73.49047619 74.97142857 75.7       ]

[0.3, 0.3, 0.2, 0.2]
[62.72857143 71.27619048 80.73333333 89.9        94.63333333]	
[62.72857143 68.85238095 71.0047619  72.87142857 73.57619048]

[0.4, 0.2, 0.3, 0.1]
[61.7952381  71.52857143 80.84285714 90.05714286 94.88571429]	
[61.71428571 67.5952381  69.45238095 71.42857143 72.96190476]

[0.4, 0.4, 0.1, 0.1]

[61.3047619  71.47619048 80.29047619 90.80952381 94.97142857]	
[61.12380952 65.38571429 67.17619048 69.44285714 70.23809524]

Total Runtime	 10970.860093 
