Run Start Time: Mon Nov 13 13:41:36 2023
[0.1  0.1  0.15 0.65]	[47, 75.34285714285714]
[0.05 0.05 0.5  0.4 ]	[48, 74.22380952380952]
[0.45 0.05 0.25 0.25]	[61, 68.01904761904763]
[0.15 0.25 0.35 0.25]	[55, 71.42857142857143]
[0.15 0.3  0.2  0.35]	[54, 70.8047619047619]
[0.25 0.45 0.1  0.2 ]	[63, 67.2047619047619]
[0.15 0.05 0.6  0.2 ]	[54, 72.03809523809524]
[0.55 0.25 0.05 0.15]	[72, 62.342857142857135]
[0.3  0.4  0.05 0.25]	[62, 65.74761904761904]
[0.05 0.35 0.3  0.3 ]	[53, 72.18095238095239]
[0.1  0.05 0.7  0.15]	[53, 73.60952380952381]
[0.1  0.15 0.1  0.65]	[47, 74.55714285714285]
[0.1  0.05 0.25 0.6 ]	[47, 75.49047619047619]
[0.2  0.25 0.2  0.35]	[54, 68.4904761904762]
[0.1 0.2 0.3 0.4]	[50, 72.27619047619046]
[0.3  0.3  0.05 0.35]	[59, 69.69047619047619]
[0.15 0.2  0.55 0.1 ]	[57, 69.61428571428571]
[0.05 0.35 0.05 0.55]	[49, 72.95714285714287]
[0.1  0.25 0.4  0.25]	[54, 70.89999999999999]
[0.2 0.3 0.3 0.2]	[58, 69.71904761904761]
[0.25 0.2  0.45 0.1 ]	[60, 68.5047619047619]
[0.55 0.1  0.25 0.1 ]	[70, 62.52857142857143]
[0.1  0.2  0.25 0.45]	[50, 73.41428571428571]
[0.1  0.05 0.8  0.05]	[54, 72.0047619047619]
[0.4  0.4  0.15 0.05]	[72, 63.47142857142857]
[0.25 0.2  0.1  0.45]	[54, 70.19047619047619]
[0.15 0.15 0.45 0.25]	[54, 71.4952380952381]
[0.1 0.3 0.4 0.2]	[55, 71.1952380952381]
[0.1  0.05 0.75 0.1 ]	[53, 72.45238095238096]
[0.35 0.4  0.1  0.15]	[67, 64.58095238095238]
[0.15 0.55 0.2  0.1 ]	[63, 67.83809523809524]
[0.05 0.1  0.75 0.1 ]	[52, 73.04761904761905]
[0.1  0.15 0.25 0.5 ]	[49, 74.0]
[0.25 0.2  0.2  0.35]	[55, 70.3809523809524]
[0.5  0.1  0.05 0.35]	[61, 65.92380952380952]
[0.65 0.2  0.1  0.05]	[79, 58.52857142857143]
[0.3  0.25 0.35 0.1 ]	[63, 68.02380952380952]
[0.05 0.1  0.15 0.7 ]	[45, 75.03333333333333]
[0.05 0.05 0.15 0.75]	[44, 76.96190476190476]
[0.05 0.3  0.5  0.15]	[55, 72.38095238095238]
[0.2  0.05 0.5  0.25]	[54, 70.93809523809523]
[0.15 0.5  0.25 0.1 ]	[62, 67.44285714285714]
[0.2  0.2  0.45 0.15]	[57, 69.10952380952381]
[0.05 0.35 0.15 0.45]	[51, 71.98571428571428]
[0.4  0.15 0.05 0.4 ]	[57, 66.40952380952382]
[0.05 0.45 0.35 0.15]	[57, 70.03333333333333]
[0.35 0.45 0.05 0.15]	[68, 64.91904761904762]
[0.6  0.15 0.2  0.05]	[76, 60.92857142857143]
[0.15 0.35 0.25 0.25]	[56, 70.02857142857142]
[0.25 0.35 0.2  0.2 ]	[60, 66.78095238095239]
[0.1  0.05 0.2  0.65]	[46, 75.4]
[0.25 0.2  0.4  0.15]	[59, 69.1952380952381]
[0.8  0.05 0.05 0.1 ]	[84, 57.46666666666667]
[0.3  0.6  0.05 0.05]	[72, 63.876190476190466]
[0.35 0.45 0.15 0.05]	[70, 62.8]
[0.05 0.55 0.3  0.1 ]	[60, 69.33333333333334]
[0.3  0.2  0.35 0.15]	[61, 69.09523809523809]
[0.2  0.15 0.25 0.4 ]	[52, 71.77142857142857]
[0.15 0.1  0.35 0.4 ]	[51, 72.06666666666666]
[0.2  0.05 0.55 0.2 ]	[54, 70.88095238095238]
[0.3  0.3  0.25 0.15]	[62, 66.14285714285715]
[0.1  0.15 0.5  0.25]	[52, 72.5047619047619]
[0.05 0.35 0.45 0.15]	[55, 71.09047619047618]
[0.25 0.15 0.55 0.05]	[60, 68.37619047619047]
[0.3 0.1 0.5 0.1]	[60, 67.93809523809523]
[0.55 0.25 0.05 0.15]	[73, 62.028571428571425]
[0.5  0.15 0.3  0.05]	[70, 62.9047619047619]
[0.1 0.1 0.2 0.6]	[47, 74.93809523809524]
[0.25 0.15 0.45 0.15]	[59, 70.13333333333334]
[0.45 0.05 0.2  0.3 ]	[60, 66.3952380952381]
[0.3 0.1 0.5 0.1]	[60, 67.75714285714285]
[0.1 0.1 0.5 0.3]	[51, 72.3095238095238]
[0.6  0.1  0.25 0.05]	[74, 61.93809523809524]
[0.1  0.3  0.55 0.05]	[58, 70.95238095238095]
[0.2  0.55 0.2  0.05]	[66, 66.29523809523809]
[0.25 0.1  0.45 0.2 ]	[56, 69.77619047619048]
[0.7 0.1 0.1 0.1]	[78, 59.385714285714286]
[0.35 0.1  0.2  0.35]	[57, 68.04285714285714]
[0.15 0.1  0.5  0.25]	[52, 71.54285714285716]
[0.3  0.4  0.25 0.05]	[66, 64.95238095238095]
[0.55 0.15 0.1  0.2 ]	[68, 63.44761904761905]
[0.1  0.2  0.15 0.55]	[49, 74.25238095238096]
[0.2 0.1 0.3 0.4]	[52, 71.93809523809523]
[0.3 0.4 0.1 0.2]	[63, 66.23333333333333]
[0.25 0.05 0.45 0.25]	[55, 71.25238095238095]
[0.4  0.1  0.05 0.45]	[56, 68.15714285714284]
[0.1  0.15 0.7  0.05]	[56, 72.2]
[0.15 0.3  0.4  0.15]	[57, 69.24285714285713]
[0.45 0.25 0.25 0.05]	[70, 63.05238095238095]
[0.2  0.55 0.05 0.2 ]	[62, 65.76190476190476]
[0.5  0.3  0.05 0.15]	[72, 63.3]
[0.55 0.25 0.15 0.05]	[76, 60.94285714285714]
[0.1  0.15 0.05 0.7 ]	[46, 74.45238095238095]
[0.2  0.15 0.25 0.4 ]	[52, 71.24761904761905]
[0.15 0.2  0.3  0.35]	[52, 71.45714285714287]
[0.15 0.4  0.25 0.2 ]	[58, 69.88095238095238]
[0.5  0.15 0.3  0.05]	[70, 63.16666666666667]
[0.05 0.2  0.5  0.25]	[52, 73.26666666666667]
[0.05 0.4  0.5  0.05]	[58, 70.64761904761906]
[0.05 0.1  0.4  0.45]	[48, 74.04285714285714]
[0.15 0.45 0.25 0.15]	[60, 67.94285714285715]
[0.15 0.55 0.1  0.2 ]	[61, 68.52857142857142]
[0.45 0.05 0.1  0.4 ]	[58, 68.06190476190477]
[0.4  0.1  0.45 0.05]	[64, 65.53809523809524]
[0.1 0.2 0.2 0.5]	[50, 74.23333333333333]
[0.35 0.25 0.35 0.05]	[66, 66.38571428571429]
[0.25 0.25 0.05 0.45]	[54, 68.78095238095237]
[0.2  0.15 0.6  0.05]	[59, 70.3047619047619]
[0.2  0.1  0.65 0.05]	[57, 68.79047619047618]
[0.5  0.15 0.2  0.15]	[67, 62.74285714285713]
[0.7  0.1  0.05 0.15]	[76, 58.4952380952381]
[0.25 0.45 0.15 0.15]	[64, 65.86666666666666]
[0.1  0.05 0.35 0.5 ]	[48, 73.91428571428571]
[0.1  0.4  0.05 0.45]	[53, 72.16666666666667]
[0.1  0.2  0.65 0.05]	[56, 71.4047619047619]
[0.15 0.5  0.1  0.25]	[59, 69.16666666666667]
[0.25 0.25 0.4  0.1 ]	[61, 68.55238095238096]
[0.25 0.2  0.15 0.4 ]	[55, 71.50000000000001]
[0.1  0.35 0.1  0.45]	[52, 72.60000000000001]
[0.05 0.75 0.1  0.1 ]	[64, 67.91904761904762]
[0.45 0.25 0.1  0.2 ]	[66, 64.52857142857142]
[0.15 0.45 0.25 0.15]	[60, 67.77619047619048]
[0.05 0.85 0.05 0.05]	[67, 66.41904761904762]
[0.35 0.15 0.05 0.45]	[55, 69.13333333333334]
[0.1 0.6 0.1 0.2]	[60, 68.29523809523809]
[0.35 0.1  0.1  0.45]	[54, 68.56666666666668]
[0.2  0.1  0.15 0.55]	[49, 72.78571428571429]
[0.2  0.45 0.1  0.25]	[60, 67.9857142857143]
[0.2  0.15 0.05 0.6 ]	[50, 73.4]
[0.25 0.1  0.1  0.55]	[51, 71.49047619047619]
[0.3  0.3  0.25 0.15]	[63, 67.58095238095237]
[0.25 0.15 0.35 0.25]	[56, 69.61428571428571]
[0.35 0.55 0.05 0.05]	[73, 62.69999999999999]
[0.15 0.05 0.1  0.7 ]	[46, 75.23333333333333]
[0.25 0.35 0.15 0.25]	[59, 68.01904761904763]
[0.05 0.15 0.55 0.25]	[52, 74.15238095238095]
[0.3  0.25 0.1  0.35]	[58, 69.34761904761905]
[0.25 0.25 0.15 0.35]	[56, 70.11904761904762]
[0.4  0.05 0.05 0.5 ]	[55, 70.00952380952381]
[0.2  0.45 0.3  0.05]	[64, 67.01904761904763]
[0.25 0.3  0.4  0.05]	[63, 67.93333333333334]
[0.6  0.2  0.05 0.15]	[74, 61.685714285714276]
[0.15 0.5  0.3  0.05]	[63, 68.01904761904763]
[0.2  0.15 0.2  0.45]	[51, 70.52380952380952]
[0.55 0.15 0.25 0.05]	[73, 62.2904761904762]
[0.05 0.6  0.15 0.2 ]	[59, 70.2952380952381]
[0.4 0.3 0.1 0.2]	[65, 65.78571428571429]
[0.1  0.65 0.05 0.2 ]	[60, 67.14285714285714]
[0.15 0.2  0.35 0.3 ]	[54, 71.39999999999999]
[0.15 0.3  0.15 0.4 ]	[53, 71.36666666666667]
[0.4  0.4  0.15 0.05]	[72, 63.86190476190477]
[0.15 0.35 0.45 0.05]	[60, 67.97619047619048]
[0.1 0.7 0.1 0.1]	[64, 66.94761904761904]
[0.05 0.25 0.5  0.2 ]	[53, 72.94761904761906]
[0.05 0.15 0.3  0.5 ]	[48, 74.02380952380952]
[0.1  0.4  0.05 0.45]	[53, 72.64285714285715]
[0.35 0.1  0.35 0.2 ]	[59, 67.95238095238093]
[0.3  0.2  0.25 0.25]	[59, 69.02857142857142]
[0.05 0.3  0.25 0.4 ]	[51, 72.0]
[0.1  0.15 0.4  0.35]	[51, 72.49523809523811]
[0.5  0.15 0.2  0.15]	[68, 64.71904761904761]
[0.05 0.6  0.05 0.3 ]	[57, 70.0047619047619]
[0.15 0.55 0.1  0.2 ]	[60, 67.01904761904763]
[0.5  0.25 0.05 0.2 ]	[68, 63.28571428571429]
[0.5  0.05 0.4  0.05]	[67, 63.095238095238095]
[0.05 0.05 0.75 0.15]	[51, 72.94761904761906]
[0.3  0.25 0.1  0.35]	[57, 67.29523809523809]
[0.1  0.25 0.5  0.15]	[55, 71.95714285714287]
[0.1  0.1  0.25 0.55]	[48, 73.86190476190477]
[0.3 0.1 0.4 0.2]	[58, 69.46666666666667]
[0.25 0.25 0.25 0.25]	[58, 69.62857142857143]
[0.35 0.05 0.1  0.5 ]	[54, 70.05714285714286]
[0.15 0.6  0.1  0.15]	[63, 67.52857142857142]
[0.2  0.25 0.2  0.35]	[54, 68.82857142857142]
[0.05 0.3  0.45 0.2 ]	[53, 71.96666666666667]
[0.15 0.1  0.45 0.3 ]	[52, 72.65714285714286]
[0.1  0.35 0.15 0.4 ]	[53, 72.45238095238096]
[0.4  0.05 0.1  0.45]	[55, 68.7952380952381]
[0.2 0.1 0.4 0.3]	[53, 71.35714285714285]
[0.45 0.1  0.1  0.35]	[60, 66.41428571428571]
[0.25 0.05 0.35 0.35]	[53, 71.28571428571429]
[0.65 0.2  0.1  0.05]	[80, 59.04761904761905]
[0.2 0.3 0.1 0.4]	[54, 69.1142857142857]
[0.45 0.3  0.2  0.05]	[72, 63.24761904761904]
[0.15 0.4  0.35 0.1 ]	[60, 68.39047619047619]
[0.15 0.4  0.35 0.1 ]	[60, 68.0904761904762]
[0.3  0.35 0.25 0.1 ]	[65, 66.31428571428572]
[0.05 0.2  0.55 0.2 ]	[53, 73.29523809523809]
[0.35 0.35 0.15 0.15]	[65, 65.67142857142856]
[0.3  0.15 0.45 0.1 ]	[61, 68.88571428571429]
[0.6  0.25 0.05 0.1 ]	[76, 59.24285714285714]
[0.15 0.15 0.4  0.3 ]	[52, 71.65714285714286]
[0.5  0.2  0.25 0.05]	[72, 63.076190476190476]
[0.5  0.35 0.1  0.05]	[76, 60.990476190476194]
[0.05 0.15 0.45 0.35]	[49, 73.44285714285715]
[0.05 0.45 0.2  0.3 ]	[54, 70.46190476190476]
[0.3  0.1  0.55 0.05]	[61, 68.84761904761906]
[0.35 0.05 0.5  0.1 ]	[61, 68.16190476190475]
[0.1  0.25 0.55 0.1 ]	[56, 71.18095238095238]
[0.05 0.05 0.55 0.35]	[49, 75.23333333333333]
