Run Start Time: Thu Nov 23 21:17:57 2023
[0.2  0.45 0.15 0.2 ]	[45, 71.45333333333333]
[0.2  0.05 0.25 0.5 ]	[37, 75.34666666666666]
[0.55 0.05 0.2  0.2 ]	[49, 67.54666666666667]
[0.25 0.55 0.15 0.05]	[51, 68.59333333333333]
[0.05 0.15 0.75 0.05]	[41, 75.88]
[0.1 0.1 0.3 0.5]	[35, 73.86666666666667]
[0.1 0.2 0.5 0.2]	[40, 75.52]
[0.35 0.2  0.4  0.05]	[48, 69.60000000000001]
[0.05 0.1  0.55 0.3 ]	[37, 77.13333333333333]
[0.3  0.15 0.4  0.15]	[44, 70.0]
[0.45 0.15 0.15 0.25]	[47, 67.91333333333334]
[0.2  0.1  0.05 0.65]	[35, 72.34666666666666]
[0.35 0.05 0.3  0.3 ]	[42, 72.24666666666667]
[0.3  0.45 0.15 0.1 ]	[50, 68.24666666666667]
[0.2  0.15 0.55 0.1 ]	[43, 73.69333333333333]
[0.05 0.25 0.2  0.5 ]	[36, 76.5]
[0.4  0.15 0.35 0.1 ]	[49, 70.53333333333333]
[0.45 0.2  0.3  0.05]	[53, 68.21333333333332]
[0.25 0.15 0.05 0.55]	[37, 72.44666666666667]
[0.05 0.3  0.3  0.35]	[38, 74.88]
[0.35 0.4  0.15 0.1 ]	[50, 66.67999999999999]
[0.05 0.55 0.25 0.15]	[44, 73.47333333333333]
[0.4  0.1  0.25 0.25]	[45, 70.34666666666666]
[0.3 0.3 0.3 0.1]	[48, 70.71333333333332]
[0.1  0.6  0.05 0.25]	[45, 73.49333333333334]
[0.05 0.25 0.1  0.6 ]	[35, 75.04]
[0.55 0.05 0.15 0.25]	[48, 67.36000000000001]
[0.3  0.25 0.35 0.1 ]	[47, 69.62666666666667]
[0.25 0.1  0.3  0.35]	[39, 73.14]
[0.4  0.25 0.05 0.3 ]	[46, 70.38666666666667]
[0.25 0.55 0.1  0.1 ]	[50, 68.26]
[0.1 0.2 0.1 0.6]	[35, 74.31333333333333]
[0.15 0.6  0.2  0.05]	[49, 70.33333333333334]
[0.45 0.35 0.15 0.05]	[55, 66.40666666666667]
[0.1  0.2  0.25 0.45]	[37, 76.52666666666667]
[0.25 0.3  0.15 0.3 ]	[43, 72.13999999999999]
[0.25 0.05 0.1  0.6 ]	[36, 74.73333333333333]
[0.05 0.05 0.7  0.2 ]	[37, 76.58]
[0.25 0.2  0.05 0.5 ]	[39, 73.26]
[0.2  0.05 0.55 0.2 ]	[40, 74.14]
[0.35 0.15 0.2  0.3 ]	[43, 71.02666666666667]
[0.25 0.2  0.2  0.35]	[42, 74.7]
[0.3 0.1 0.5 0.1]	[45, 72.40666666666667]
[0.7 0.1 0.1 0.1]	[58, 63.18666666666667]
[0.15 0.35 0.1  0.4 ]	[40, 74.84]
[0.15 0.3  0.35 0.2 ]	[42, 74.2]
[0.05 0.25 0.35 0.35]	[38, 75.32]
[0.65 0.05 0.15 0.15]	[54, 63.693333333333335]
[0.2  0.45 0.05 0.3 ]	[44, 71.14666666666668]
[0.45 0.05 0.05 0.45]	[42, 70.42666666666668]
[0.65 0.05 0.25 0.05]	[57, 63.54]
[0.15 0.05 0.45 0.35]	[37, 75.21333333333334]
[0.3  0.3  0.05 0.35]	[43, 71.37333333333333]
[0.3  0.15 0.35 0.2 ]	[44, 71.77333333333334]
[0.1  0.1  0.45 0.35]	[37, 75.53999999999999]
[0.1  0.1  0.15 0.65]	[34, 76.63333333333333]
[0.15 0.5  0.25 0.1 ]	[47, 71.02666666666667]
[0.25 0.6  0.1  0.05]	[52, 67.30666666666666]
[0.05 0.8  0.1  0.05]	[49, 70.24666666666667]
[0.05 0.05 0.8  0.1 ]	[39, 77.49333333333333]
[0.65 0.1  0.15 0.1 ]	[58, 65.12]
[0.25 0.05 0.5  0.2 ]	[41, 71.98]
[0.05 0.45 0.1  0.4 ]	[39, 75.22666666666666]
[0.25 0.25 0.3  0.2 ]	[45, 73.26666666666667]
[0.2  0.2  0.45 0.15]	[43, 73.81333333333333]
[0.35 0.05 0.15 0.45]	[40, 72.87333333333333]
[0.3  0.5  0.05 0.15]	[50, 67.98666666666668]
[0.35 0.25 0.35 0.05]	[50, 68.97999999999999]
[0.35 0.15 0.3  0.2 ]	[45, 71.81333333333333]
[0.3  0.4  0.05 0.25]	[47, 70.01333333333332]
[0.25 0.6  0.1  0.05]	[52, 67.22666666666667]
[0.15 0.15 0.2  0.5 ]	[36, 74.03333333333333]
[0.15 0.2  0.1  0.55]	[37, 76.13333333333333]
[0.4  0.15 0.25 0.2 ]	[46, 69.76]
[0.3 0.3 0.3 0.1]	[47, 69.39333333333335]
[0.3  0.5  0.15 0.05]	[52, 67.19999999999999]
[0.15 0.25 0.15 0.45]	[38, 73.08666666666667]
[0.3  0.15 0.1  0.45]	[39, 71.39999999999999]
[0.05 0.05 0.55 0.35]	[36, 77.7]
[0.05 0.05 0.05 0.85]	[31, 77.76666666666668]
[0.2  0.1  0.45 0.25]	[41, 74.54666666666667]
[0.05 0.2  0.4  0.35]	[37, 76.39333333333333]
[0.05 0.5  0.05 0.4 ]	[40, 75.80666666666667]
[0.15 0.5  0.1  0.25]	[44, 71.68666666666667]
[0.15 0.1  0.45 0.3 ]	[39, 76.04666666666667]
[0.35 0.1  0.15 0.4 ]	[41, 71.34]
[0.35 0.2  0.1  0.35]	[42, 69.56]
[0.05 0.05 0.75 0.15]	[38, 75.81333333333333]
[0.45 0.1  0.4  0.05]	[50, 68.05333333333333]
[0.1 0.2 0.6 0.1]	[42, 75.4]
[0.05 0.8  0.05 0.1 ]	[47, 68.25333333333333]
[0.2 0.3 0.3 0.2]	[43, 72.01333333333334]
[0.2  0.65 0.05 0.1 ]	[50, 67.60666666666665]
[0.2  0.05 0.45 0.3 ]	[39, 75.25333333333333]
[0.4 0.4 0.1 0.1]	[52, 65.8]
[0.3  0.05 0.15 0.5 ]	[38, 71.75333333333333]
[0.05 0.5  0.4  0.05]	[44, 71.22666666666667]
[0.15 0.35 0.2  0.3 ]	[42, 75.22666666666666]
[0.3  0.2  0.45 0.05]	[47, 69.88666666666667]
[0.35 0.1  0.35 0.2 ]	[45, 72.25333333333333]
