Run Start Time: Sat Dec  2 14:38:41 2023
[0.65 0.05 0.15 0.15]	[124, 64.00857142857143]
[0.2  0.15 0.2  0.45]	[88, 72.60285714285715]
[0.3  0.25 0.3  0.15]	[106, 69.92]
[0.05 0.5  0.25 0.2 ]	[98, 73.12285714285714]
[0.35 0.2  0.2  0.25]	[102, 67.86]
[0.2  0.65 0.1  0.05]	[118, 67.22285714285714]
[0.3  0.35 0.3  0.05]	[112, 67.78]
[0.35 0.15 0.3  0.2 ]	[102, 68.11714285714285]
[0.1  0.4  0.45 0.05]	[102, 71.31142857142856]
[0.5  0.4  0.05 0.05]	[133, 62.32]
[0.35 0.1  0.45 0.1 ]	[106, 69.93714285714286]
[0.2  0.05 0.15 0.6 ]	[83, 75.37714285714286]
[0.25 0.2  0.35 0.2 ]	[100, 71.76571428571428]
[0.1 0.3 0.5 0.1]	[98, 73.18]
[0.05 0.25 0.45 0.25]	[89, 74.94857142857143]
[0.65 0.1  0.1  0.15]	[126, 62.94285714285714]
[0.05 0.3  0.6  0.05]	[97, 73.46000000000001]
[0.15 0.2  0.25 0.4 ]	[89, 73.84857142857145]
[0.05 0.3  0.4  0.25]	[91, 73.7942857142857]
[0.4  0.35 0.2  0.05]	[120, 65.3]
[0.6  0.1  0.25 0.05]	[127, 63.37142857142858]
[0.1  0.5  0.35 0.05]	[105, 70.45142857142858]
[0.3  0.45 0.15 0.1 ]	[115, 67.40571428571428]
[0.15 0.3  0.2  0.35]	[92, 72.61714285714285]
[0.05 0.15 0.75 0.05]	[93, 74.27428571428571]
[0.15 0.05 0.65 0.15]	[92, 74.00285714285714]
[0.5  0.2  0.15 0.15]	[117, 65.27714285714285]
[0.65 0.15 0.05 0.15]	[128, 62.55428571428572]
[0.25 0.3  0.3  0.15]	[104, 70.19714285714286]
[0.05 0.55 0.3  0.1 ]	[102, 71.5]
[0.1  0.7  0.15 0.05]	[112, 68.99428571428571]
[0.15 0.05 0.55 0.25]	[90, 74.89714285714285]
[0.1  0.15 0.1  0.65]	[81, 77.06285714285715]
[0.45 0.1  0.2  0.25]	[105, 67.73428571428572]
[0.4  0.2  0.35 0.05]	[115, 67.77428571428572]
[0.5  0.25 0.05 0.2 ]	[117, 65.6857142857143]
[0.2  0.25 0.3  0.25]	[97, 72.6]
[0.25 0.5  0.05 0.2 ]	[109, 68.88285714285715]
[0.5  0.35 0.1  0.05]	[130, 62.98285714285714]
[0.05 0.05 0.05 0.85]	[73, 78.01142857142858]
[0.3 0.1 0.3 0.3]	[96, 71.08]
[0.15 0.4  0.25 0.2 ]	[100, 71.95714285714286]
[0.15 0.55 0.1  0.2 ]	[104, 70.24571428571429]
[0.15 0.1  0.15 0.6 ]	[83, 76.33428571428573]
[0.2  0.25 0.3  0.25]	[96, 71.48857142857143]
[0.05 0.1  0.15 0.7 ]	[77, 76.63428571428572]
[0.2  0.55 0.2  0.05]	[114, 67.90571428571428]
[0.2  0.2  0.45 0.15]	[98, 72.00285714285714]
[0.05 0.1  0.1  0.75]	[76, 77.61142857142856]
[0.25 0.25 0.25 0.25]	[99, 70.44285714285715]
[0.4 0.4 0.1 0.1]	[120, 65.52285714285715]
[0.35 0.2  0.05 0.4 ]	[98, 70.67142857142858]
[0.65 0.15 0.05 0.15]	[129, 63.011428571428574]
[0.05 0.2  0.4  0.35]	[87, 76.03428571428572]
[0.05 0.2  0.4  0.35]	[86, 75.26857142857143]
[0.15 0.15 0.65 0.05]	[98, 72.98285714285714]
[0.2  0.65 0.1  0.05]	[117, 67.16]
[0.05 0.2  0.5  0.25]	[89, 75.46285714285715]
[0.3  0.25 0.25 0.2 ]	[102, 68.78571428571428]
[0.3  0.45 0.1  0.15]	[112, 67.64285714285714]
[0.8  0.05 0.05 0.1 ]	[142, 59.14285714285714]
[0.25 0.15 0.3  0.3 ]	[95, 72.02]
[0.15 0.4  0.15 0.3 ]	[97, 72.36285714285715]
[0.3  0.35 0.15 0.2 ]	[107, 68.80285714285715]
[0.15 0.35 0.1  0.4 ]	[93, 72.79714285714286]
[0.25 0.05 0.65 0.05]	[100, 72.04857142857144]
[0.15 0.4  0.3  0.15]	[101, 71.26285714285714]
[0.5  0.05 0.2  0.25]	[108, 67.03428571428572]
[0.35 0.1  0.2  0.35]	[97, 71.10285714285715]
[0.15 0.05 0.75 0.05]	[95, 73.66571428571427]
[0.35 0.25 0.1  0.3 ]	[103, 69.59142857142857]
[0.15 0.45 0.05 0.35]	[96, 71.29714285714286]
[0.2  0.05 0.2  0.55]	[84, 74.74]
[0.15 0.25 0.25 0.35]	[91, 72.21142857142857]
[0.25 0.15 0.5  0.1 ]	[101, 71.12571428571428]
[0.1  0.15 0.6  0.15]	[92, 74.14285714285714]
[0.1  0.2  0.15 0.55]	[83, 75.2657142857143]
[0.55 0.15 0.05 0.25]	[115, 65.88857142857142]
[0.1  0.55 0.1  0.25]	[99, 70.40571428571428]
[0.15 0.2  0.2  0.45]	[88, 73.66]
[0.25 0.2  0.4  0.15]	[101, 70.73714285714287]
[0.35 0.25 0.15 0.25]	[105, 68.87714285714286]
[0.2  0.15 0.15 0.5 ]	[86, 73.2542857142857]
[0.5 0.1 0.3 0.1]	[116, 65.46571428571428]
[0.3  0.05 0.05 0.6 ]	[86, 73.69428571428571]
[0.1  0.1  0.45 0.35]	[87, 75.92571428571429]
[0.3  0.5  0.15 0.05]	[120, 66.60285714285715]
[0.55 0.1  0.1  0.25]	[113, 66.51714285714286]
[0.1  0.05 0.45 0.4 ]	[84, 75.98857142857143]
[0.05 0.3  0.15 0.5 ]	[85, 74.7542857142857]
[0.05 0.4  0.3  0.25]	[93, 72.70857142857142]
[0.1  0.45 0.1  0.35]	[93, 71.45142857142858]
[0.15 0.3  0.3  0.25]	[95, 72.38571428571429]
[0.4  0.1  0.05 0.45]	[97, 71.14]
[0.25 0.1  0.55 0.1 ]	[100, 71.85714285714285]
[0.1  0.15 0.5  0.25]	[89, 74.44571428571429]
[0.5  0.3  0.05 0.15]	[121, 64.23714285714286]
[0.2  0.65 0.1  0.05]	[118, 67.28571428571428]
[0.45 0.15 0.3  0.1 ]	[113, 67.12285714285714]
[0.1  0.2  0.65 0.05]	[96, 72.43428571428572]
